delta Time, Unix Time, pr1, pr2, pr3, pr4, pr5, label
1.14081311226,1579557265.56,656,888,623,660,664,extend,
1.14129018784,1579557265.56,658,888,625,660,667,extend,
1.14173817635,1579557265.56,659,888,625,660,669,extend,
1.14215612411,1579557265.56,660,888,625,658,671,extend,
1.14255619049,1579557265.56,662,888,625,659,672,extend,
1.64991211891,1579557266.07,667,891,625,661,678,extend,
1.67445707321,1579557266.09,667,890,625,660,674,extend,
1.69928812981,1579557266.12,667,890,625,659,676,extend,
1.71974897385,1579557266.14,667,890,624,660,677,extend,
1.74415612221,1579557266.16,669,888,622,657,679,extend,
1.76476597786,1579557266.19,671,886,619,651,684,extend,
1.78913497925,1579557266.21,676,883,618,645,688,extend,
1.81378602982,1579557266.23,678,879,615,636,691,extend,
1.83397912979,1579557266.25,679,873,610,622,692,extend,
1.85883998871,1579557266.28,676,868,604,603,689,extend,
1.87940216064,1579557266.3,671,861,597,580,684,extend,
1.90407204628,1579557266.32,667,854,589,556,681,extend,
1.92809915543,1579557266.35,667,847,582,533,679,extend,
1.94868803024,1579557266.37,669,843,576,508,684,extend,
1.97320413589,1579557266.39,674,839,574,489,689,extend,
1.99375510216,1579557266.41,675,836,570,479,690,extend,
2.01856803894,1579557266.44,675,834,567,470,691,extend,
2.03919219971,1579557266.46,676,833,564,466,691,extend,
2.06371617317,1579557266.48,676,832,564,466,693,extend,
2.08783698082,1579557266.51,676,831,563,466,694,extend,
2.10865902901,1579557266.53,676,830,561,463,693,extend,
2.13300204277,1579557266.55,676,830,561,463,693,extend,
2.15364599228,1579557266.57,677,830,562,464,694,extend,
2.17837905884,1579557266.6,678,829,564,465,696,extend,
2.20290398598,1579557266.62,678,828,562,463,696,extend,
2.22337007523,1579557266.64,679,828,562,463,696,extend,
2.24775910378,1579557266.67,678,828,561,466,695,extend,
2.26843309402,1579557266.69,678,827,562,465,696,extend,
2.29265904427,1579557266.71,678,826,560,463,695,extend,
2.31758308411,1579557266.74,677,826,561,465,694,extend,
2.33802318573,1579557266.76,679,826,561,467,695,extend,
2.3625600338,1579557266.78,678,826,562,467,697,extend,
2.38320302963,1579557266.8,680,826,562,464,698,extend,
2.40788602829,1579557266.83,680,826,562,465,697,extend,
2.42824196815,1579557266.85,680,826,562,468,697,extend,
2.4527220726,1579557266.87,679,826,563,467,697,extend,
2.4771771431,1579557266.9,679,825,562,464,696,extend,
2.49756097794,1579557266.92,680,825,562,464,697,extend,
2.52230215073,1579557266.94,681,825,562,466,699,extend,
2.54284715652,1579557266.96,680,825,562,466,696,extend,
2.56740999222,1579557266.99,679,825,561,464,696,extend,
2.59167504311,1579557267.01,680,825,562,465,698,extend,
2.61227107048,1579557267.03,681,825,562,467,699,extend,
2.63677000999,1579557267.06,681,825,563,467,698,extend,
2.65736103058,1579557267.08,680,825,563,464,698,extend,
2.68207812309,1579557267.1,680,825,563,465,698,extend,
2.70661211014,1579557267.13,680,826,563,468,697,extend,
2.72726106644,1579557267.15,679,826,563,468,696,extend,
2.7518119812,1579557267.17,678,826,564,465,695,extend,
2.77237319946,1579557267.19,679,826,563,466,696,extend,
2.79679703712,1579557267.22,679,827,563,468,695,extend,
2.81702303886,1579557267.24,679,827,563,468,696,extend,
2.84168100357,1579557267.26,678,827,563,467,695,extend,
2.8663790226,1579557267.29,679,827,564,468,696,extend,
2.88701319695,1579557267.31,678,827,564,470,696,extend,
2.9115831852,1579557267.33,679,827,564,470,696,extend,
2.93196415901,1579557267.35,678,828,563,469,695,extend,
2.95662498474,1579557267.38,678,827,565,470,695,extend,
2.98072910309,1579557267.4,679,828,565,472,695,extend,
3.00123500824,1579557267.42,678,828,564,471,696,extend,
3.02598619461,1579557267.45,678,828,564,470,694,extend,
3.04653811455,1579557267.47,678,827,564,469,695,extend,
3.07123708725,1579557267.49,679,827,565,470,695,extend,
3.09573411942,1579557267.52,679,827,564,469,696,extend,
3.11638617516,1579557267.54,679,827,564,469,696,extend,
3.14058017731,1579557267.56,679,827,563,469,695,extend,
3.16117119789,1579557267.58,679,827,564,471,696,extend,
3.18591117859,1579557267.61,679,828,563,470,695,extend,
3.20647406578,1579557267.63,678,828,564,469,695,extend,
3.2309961319,1579557267.65,678,828,564,471,694,extend,
3.25545501709,1579557267.68,678,828,564,472,695,extend,
3.2760951519,1579557267.7,678,828,563,471,695,extend,
3.3006939888,1579557267.72,678,828,563,470,694,extend,
3.32091808319,1579557267.74,678,828,564,471,695,extend,
3.34538006783,1579557267.77,678,829,564,471,694,extend,
3.37022519112,1579557267.79,677,828,563,471,694,extend,
3.39056110382,1579557267.81,677,828,563,471,694,extend,
3.41493201256,1579557267.84,676,828,564,472,694,extend,
3.43590497971,1579557267.86,677,829,564,474,694,extend,
3.46007299423,1579557267.88,677,829,564,472,694,extend,
3.48056197166,1579557267.9,677,829,563,473,694,extend,
3.50506305695,1579557267.93,678,830,564,474,694,extend,
3.52986097336,1579557267.95,678,830,564,475,694,extend,
3.55050706863,1579557267.97,677,829,563,473,694,extend,
3.57498002052,1579557268.0,677,829,564,472,694,extend,
3.59555006027,1579557268.02,677,829,563,473,693,extend,
3.62030410767,1579557268.04,676,829,563,474,692,extend,
3.64460301399,1579557268.06,677,829,563,473,693,extend,
3.66490101814,1579557268.09,676,829,563,472,692,extend,
3.68969702721,1579557268.11,676,830,562,475,692,extend,
3.71001410484,1579557268.13,676,829,563,475,692,extend,
3.73476314545,1579557268.16,674,829,563,474,691,extend,
3.75895905495,1579557268.18,677,829,563,474,693,extend,
3.77992320061,1579557268.2,676,830,564,476,693,extend,
3.80444312096,1579557268.22,676,830,565,477,694,extend,
3.82466816902,1579557268.24,676,829,564,475,694,extend,
3.8493771553,1579557268.27,677,829,564,474,693,extend,
3.86997413635,1579557268.29,678,830,564,476,694,extend,
3.89451098442,1579557268.31,678,830,564,476,694,extend,
3.91863298416,1579557268.34,677,829,564,474,693,extend,
3.93968701363,1579557268.36,677,830,564,473,694,extend,
3.9640891552,1579557268.38,678,829,564,476,694,extend,
3.98456501961,1579557268.4,677,830,564,475,694,extend,
4.00894403458,1579557268.43,677,830,565,474,693,extend,
4.03373003006,1579557268.45,677,830,564,473,693,extend,
4.05416297913,1579557268.47,678,830,564,476,695,extend,
4.07873511314,1579557268.5,678,830,565,477,695,extend,
4.09938311577,1579557268.52,678,830,565,474,693,extend,
4.12361717224,1579557268.54,677,830,564,474,695,extend,
4.14836001396,1579557268.57,678,830,564,475,695,extend,
4.16866111755,1579557268.59,678,830,563,475,695,extend,
4.19331216812,1579557268.61,678,829,564,473,694,extend,
4.21393704414,1579557268.63,677,830,564,474,694,extend,
4.23848104477,1579557268.66,679,830,565,477,696,extend,
4.2626991272,1579557268.68,679,832,567,480,696,extend,
4.28366518021,1579557268.7,679,835,571,484,696,extend,
4.30810117722,1579557268.73,682,837,576,489,698,extend,
4.32833814621,1579557268.75,684,839,579,497,701,extend,
4.35297012329,1579557268.77,684,842,582,504,701,extend,
4.37350416183,1579557268.79,684,846,587,514,700,extend,
4.39820814133,1579557268.82,686,851,593,534,702,extend,
4.42247605324,1579557268.84,688,856,598,562,705,extend,
4.44332814217,1579557268.86,692,863,604,585,709,extend,
4.46789598465,1579557268.89,694,870,610,601,710,extend,
4.48868703842,1579557268.91,696,874,614,613,712,extend,
4.5126760006,1579557268.93,699,877,617,622,715,extend,
4.53733515739,1579557268.96,700,880,617,628,715,extend,
4.55799007416,1579557268.98,702,883,620,633,718,extend,
4.58224797249,1579557269.0,703,884,622,637,719,extend,
4.60277199745,1579557269.02,704,887,623,642,721,extend,
4.62761116028,1579557269.05,704,887,624,644,721,extend,
4.65232014656,1579557269.07,705,889,625,644,720,extend,
4.67274212837,1579557269.09,704,890,626,646,719,extend,
4.69716906548,1579557269.12,704,890,627,649,720,extend,
4.71779513359,1579557269.14,704,891,626,648,720,extend,
4.74214696884,1579557269.16,704,891,626,647,719,extend,
4.76287412643,1579557269.18,703,892,627,648,719,extend,
4.78744697571,1579557269.21,704,891,628,649,719,extend,
4.8119020462,1579557269.23,704,892,629,648,719,extend,
4.83209013939,1579557269.25,704,892,628,647,718,extend,
4.85675311089,1579557269.28,704,893,629,647,718,extend,
4.87753105164,1579557269.3,705,892,630,649,718,extend,
4.90196609497,1579557269.32,705,893,629,648,719,extend,
4.92649817467,1579557269.35,705,893,629,646,720,extend,
4.94709205627,1579557269.37,705,893,630,647,719,extend,
4.97149300575,1579557269.39,706,893,630,648,720,extend,
4.992000103,1579557269.41,706,893,630,648,720,extend,
5.01649403572,1579557269.44,705,894,629,646,720,extend,
5.03709697723,1579557269.46,705,893,630,647,719,extend,
5.06167411804,1579557269.48,706,893,630,649,719,extend,
5.08593511581,1579557269.51,705,892,630,648,720,extend,
5.10661506653,1579557269.53,706,893,629,647,720,extend,
5.13140010834,1579557269.55,706,894,630,648,720,extend,
5.15181303024,1579557269.57,706,893,630,649,719,extend,
5.17648100853,1579557269.6,706,893,630,648,720,extend,
5.20088005066,1579557269.62,706,893,629,648,719,extend,
5.22142314911,1579557269.64,706,894,629,648,720,extend,
5.24582600594,1579557269.67,706,893,630,649,719,extend,
5.26651406288,1579557269.69,705,893,630,648,719,extend,
5.29114198685,1579557269.71,706,893,630,648,719,extend,
5.31541419029,1579557269.74,706,893,630,649,720,extend,
5.3363070488,1579557269.76,706,893,630,649,719,extend,
5.36071419716,1579557269.78,706,893,630,648,718,extend,
5.38117408752,1579557269.8,705,893,630,648,720,extend,
5.4056661129,1579557269.83,704,893,630,649,720,extend,
5.42629599571,1579557269.85,706,893,630,649,719,extend,
5.45088601112,1579557269.87,706,893,630,648,719,extend,
5.47546601295,1579557269.9,706,893,630,648,719,extend,
5.49588608742,1579557269.92,706,893,630,649,720,extend,
5.52059412003,1579557269.94,705,893,630,649,720,extend,
5.54085206985,1579557269.96,706,893,629,648,719,extend,
5.5654771328,1579557269.99,705,893,630,648,719,extend,
5.58980703354,1579557270.01,706,893,630,649,720,extend,
5.61036705971,1579557270.03,705,893,630,649,719,extend,
5.63521003723,1579557270.06,706,892,630,648,719,extend,
5.65547013283,1579557270.08,706,893,629,648,718,extend,
5.68030810356,1579557270.1,706,893,630,649,720,extend,
5.70473098755,1579557270.13,705,894,630,650,720,extend,
5.72521805763,1579557270.15,706,892,630,648,719,extend,
5.74957299232,1579557270.17,706,893,630,648,719,extend,
5.77045106888,1579557270.19,706,893,630,649,719,extend,
5.79490613937,1579557270.22,706,893,630,649,719,extend,
5.81509804726,1579557270.24,706,893,630,648,719,extend,
5.83974313736,1579557270.26,707,893,630,648,719,extend,
5.86447405815,1579557270.28,706,893,630,650,720,extend,
5.88478517532,1579557270.31,706,893,630,649,719,extend,
5.90931200981,1579557270.33,705,893,630,648,719,extend,
5.93012905121,1579557270.35,707,892,630,649,720,extend,
5.95463609695,1579557270.37,706,893,629,650,719,extend,
5.97927618027,1579557270.4,706,893,630,649,720,extend,
5.99970316887,1579557270.42,706,893,630,648,719,extend,
6.02424812317,1579557270.44,706,892,630,649,720,extend,
6.04482102394,1579557270.47,707,893,629,650,720,extend,
6.06948804855,1579557270.49,706,893,630,649,720,extend,
6.09360599518,1579557270.51,705,893,630,648,719,extend,
6.11445212364,1579557270.53,706,893,630,648,720,extend,
6.13901114464,1579557270.56,706,893,630,650,720,extend,
6.15921497345,1579557270.58,706,893,630,648,719,extend,
7.41665220261,1579557271.84,705,893,629,648,718,fist,
7.41717600822,1579557271.84,705,893,630,649,719,fist,
7.41766619682,1579557271.84,706,892,629,650,721,fist,
7.41813898087,1579557271.84,705,893,630,648,719,fist,
7.41860508919,1579557271.84,705,892,630,648,718,fist,
7.41906905174,1579557271.84,706,893,630,649,719,fist,
7.4195330143,1579557271.84,706,893,629,650,720,fist,
7.41999816895,1579557271.84,705,893,629,649,720,fist,
7.42048215866,1579557271.84,705,893,630,647,718,fist,
7.42094802856,1579557271.84,706,893,630,649,718,fist,
7.42141318321,1579557271.84,706,893,629,650,719,fist,
7.42162108421,1579557271.84,705,893,629,649,719,fist,
7.42177200317,1579557271.84,705,893,629,648,718,fist,
7.42192316055,1579557271.84,706,893,629,649,719,fist,
7.42207407951,1579557271.84,706,893,629,650,719,fist,
7.42222499847,1579557271.84,705,893,629,649,719,fist,
7.42237615585,1579557271.84,705,893,630,647,718,fist,
7.42255997658,1579557271.84,706,893,630,649,718,fist,
7.42271208763,1579557271.84,705,892,629,650,719,fist,
7.42286300659,1579557271.84,705,892,629,649,719,fist,
7.42301416397,1579557271.84,705,893,630,648,718,fist,
7.42316603661,1579557271.84,706,891,630,649,718,fist,
7.42331719398,1579557271.84,706,893,629,650,720,fist,
7.42346906662,1579557271.84,705,893,629,648,720,fist,
7.42361998558,1579557271.84,705,892,629,648,717,fist,
7.42377209663,1579557271.84,706,892,629,649,718,fist,
7.42392396927,1579557271.84,706,892,630,651,719,fist,
7.42407512665,1579557271.84,705,893,629,649,718,fist,
7.42423319817,1579557271.84,705,893,629,648,718,fist,
7.4243850708,1579557271.84,705,893,630,649,719,fist,
7.42453598976,1579557271.84,706,893,629,650,719,fist,
7.42468810081,1579557271.84,706,893,630,649,718,fist,
7.4248380661,1579557271.85,705,892,630,648,718,fist,
7.42498898506,1579557271.85,705,893,629,650,717,fist,
7.42514109612,1579557271.85,706,892,630,650,720,fist,
7.42529201508,1579557271.85,705,893,628,649,720,fist,
7.42544317245,1579557271.85,705,893,628,648,719,fist,
7.42559409142,1579557271.85,706,893,629,649,718,fist,
7.42574501038,1579557271.85,706,893,629,649,719,fist,
7.42589616776,1579557271.85,705,892,628,649,718,fist,
7.42604804039,1579557271.85,705,893,628,648,719,fist,
7.42619919777,1579557271.85,705,892,628,649,718,fist,
7.42635011673,1579557271.85,706,893,628,650,719,fist,
7.42650198936,1579557271.85,705,892,628,648,719,fist,
7.42665314674,1579557271.85,705,893,629,648,718,fist,
7.42680501938,1579557271.85,705,892,629,650,718,fist,
7.42695617676,1579557271.85,705,892,629,649,719,fist,
7.42710709572,1579557271.85,705,893,628,649,719,fist,
7.42725896835,1579557271.85,705,892,629,648,718,fist,
7.42741012573,1579557271.85,706,892,629,649,718,fist,
7.4275841713,1579557271.85,705,893,629,650,718,fist,
7.42774605751,1579557271.85,705,893,628,648,719,fist,
7.42790317535,1579557271.85,705,893,628,648,718,fist,
7.42806005478,1579557271.85,705,893,629,649,718,fist,
7.42824411392,1579557271.85,706,893,628,650,718,fist,
7.44115400314,1579557271.86,705,892,628,648,718,fist,
7.46591114998,1579557271.89,705,893,629,648,718,fist,
7.48656201363,1579557271.91,705,893,628,649,719,fist,
7.51083803177,1579557271.93,705,893,629,650,719,fist,
7.53556609154,1579557271.96,705,892,627,649,719,fist,
7.55616998672,1579557271.98,705,892,628,648,718,fist,
7.58069705963,1579557272.0,705,893,628,649,717,fist,
7.60101604462,1579557272.02,706,893,628,649,718,fist,
7.62544608116,1579557272.05,704,893,626,649,718,fist,
7.65021109581,1579557272.07,704,894,627,648,718,fist,
7.67066502571,1579557272.09,705,895,626,650,718,fist,
7.69506216049,1579557272.12,706,895,627,650,718,fist,
7.71603703499,1579557272.14,706,895,626,649,719,fist,
7.74015712738,1579557272.16,706,896,625,649,719,fist,
7.76060700417,1579557272.18,707,896,626,651,720,fist,
7.78547215462,1579557272.21,708,897,624,651,720,fist,
7.81006503105,1579557272.23,708,897,624,649,720,fist,
7.83043503761,1579557272.25,710,898,620,646,723,fist,
7.85484313965,1579557272.28,713,898,617,645,726,fist,
7.87562513351,1579557272.3,718,894,615,639,731,fist,
7.90016412735,1579557272.32,723,886,614,628,736,fist,
7.92438006401,1579557272.34,725,879,613,622,739,fist,
7.9450340271,1579557272.37,724,873,612,620,737,fist,
7.96978497505,1579557272.39,723,870,611,620,735,fist,
7.99024415016,1579557272.41,723,868,610,618,734,fist,
8.01463603973,1579557272.43,723,867,611,617,736,fist,
8.03938603401,1579557272.46,723,865,612,617,734,fist,
8.05975818634,1579557272.48,724,865,613,615,736,fist,
8.08440709114,1579557272.5,727,866,614,612,738,fist,
8.10485911369,1579557272.53,729,866,614,610,741,fist,
8.12931704521,1579557272.55,729,868,614,610,742,fist,
8.14998602867,1579557272.57,730,868,614,609,743,fist,
8.17452096939,1579557272.59,731,869,613,606,741,fist,
8.19919013977,1579557272.62,731,870,613,605,743,fist,
8.21968817711,1579557272.64,730,870,612,605,743,fist,
8.24430513382,1579557272.66,730,870,612,602,742,fist,
8.26450610161,1579557272.68,730,870,612,599,743,fist,
8.28916215897,1579557272.71,731,871,611,598,743,fist,
8.31372714043,1579557272.73,731,871,612,599,743,fist,
8.33449316025,1579557272.75,730,869,613,598,743,fist,
8.3586730957,1579557272.78,730,869,612,598,742,fist,
8.37945103645,1579557272.8,730,869,612,600,742,fist,
8.40359807014,1579557272.82,730,869,613,600,743,fist,
8.42816710472,1579557272.85,728,869,614,600,742,fist,
8.44882512093,1579557272.87,730,868,614,600,741,fist,
8.47351408005,1579557272.89,731,869,614,600,742,fist,
8.49400520325,1579557272.91,730,869,615,600,742,fist,
8.51875305176,1579557272.94,729,869,616,600,742,fist,
8.5392870903,1579557272.96,730,868,615,600,742,fist,
8.56382608414,1579557272.98,730,868,615,601,743,fist,
8.58828401566,1579557273.01,730,867,616,601,743,fist,
8.60841703415,1579557273.03,730,868,617,601,742,fist,
8.63323116302,1579557273.05,730,867,617,601,742,fist,
8.6535961628,1579557273.07,730,867,617,603,743,fist,
8.6781899929,1579557273.1,730,867,618,602,742,fist,
8.70302414894,1579557273.12,729,866,619,601,742,fist,
8.72320413589,1579557273.14,729,865,620,603,742,fist,
8.74806118011,1579557273.17,730,865,620,603,743,fist,
8.76827216148,1579557273.19,730,865,621,603,742,fist,
8.79305410385,1579557273.21,729,864,622,602,740,fist,
8.8174932003,1579557273.24,728,863,621,601,741,fist,
8.83780217171,1579557273.26,729,862,621,601,742,fist,
8.86258506775,1579557273.28,728,863,621,601,741,fist,
8.88319206238,1579557273.3,728,862,622,601,740,fist,
8.90768504143,1579557273.33,728,862,622,601,740,fist,
8.92800712585,1579557273.35,728,862,622,602,741,fist,
8.95278406143,1579557273.37,728,862,622,602,741,fist,
8.97702002525,1579557273.4,728,862,622,600,740,fist,
8.99759602547,1579557273.42,727,862,622,601,739,fist,
9.02242398262,1579557273.44,728,861,623,603,741,fist,
9.042937994,1579557273.46,728,862,623,603,740,fist,
9.06753611565,1579557273.49,727,862,623,602,741,fist,
9.09172201157,1579557273.51,727,862,623,602,740,fist,
9.1126229763,1579557273.53,728,862,624,604,741,fist,
9.13684105873,1579557273.56,728,862,623,604,742,fist,
9.15734314919,1579557273.58,727,862,624,602,740,fist,
9.18182301521,1579557273.6,728,862,625,603,740,fist,
9.20650100708,1579557273.63,728,862,624,604,741,fist,
9.22726798058,1579557273.65,727,862,625,603,740,fist,
9.25173616409,1579557273.67,726,862,625,603,740,fist,
9.2720580101,1579557273.69,728,862,625,603,739,fist,
9.29679703712,1579557273.72,728,862,626,605,741,fist,
9.31723999977,1579557273.74,727,862,625,605,741,fist,
9.34157919884,1579557273.76,727,862,625,603,740,fist,
9.36612701416,1579557273.79,727,863,625,603,740,fist,
9.38855409622,1579557273.81,729,862,625,603,741,fist,
9.41152000427,1579557273.83,728,863,626,603,740,fist,
9.43183612823,1579557273.85,727,862,626,602,740,fist,
9.45629906654,1579557273.88,726,863,625,603,739,fist,
9.48088812828,1579557273.9,728,863,626,604,740,fist,
9.50156497955,1579557273.92,727,863,625,604,741,fist,
9.52620315552,1579557273.95,727,862,625,603,740,fist,
9.54671311378,1579557273.97,727,862,626,604,741,fist,
9.57125115395,1579557273.99,727,861,626,604,740,fist,
9.5955991745,1579557274.02,728,862,627,605,740,fist,
9.61638712883,1579557274.04,726,862,627,603,740,fist,
9.64054608345,1579557274.06,726,860,627,603,739,fist,
9.66130900383,1579557274.08,727,860,628,604,740,fist,
9.68565702438,1579557274.11,727,860,627,603,740,fist,
9.706179142,1579557274.13,726,860,626,600,739,fist,
9.73110198975,1579557274.15,727,860,627,601,740,fist,
9.75528097153,1579557274.18,727,859,626,602,740,fist,
9.7760989666,1579557274.2,727,860,627,601,741,fist,
9.80063700676,1579557274.22,726,860,627,601,739,fist,
9.82093501091,1579557274.24,726,860,627,602,740,fist,
9.84546804428,1579557274.27,727,860,627,603,739,fist,
9.87018108368,1579557274.29,727,860,626,601,740,fist,
9.89074516296,1579557274.31,727,860,627,599,740,fist,
9.91533017159,1579557274.34,727,859,626,598,739,fist,
9.93556404114,1579557274.36,727,857,627,598,739,fist,
9.96039819717,1579557274.38,726,856,627,597,741,fist,
9.98473405838,1579557274.41,727,857,626,595,739,fist,
10.0052461624,1579557274.43,726,857,627,596,739,fist,
10.0299501419,1579557274.45,727,856,627,597,739,fist,
10.0505950451,1579557274.47,726,856,626,597,740,fist,
10.0750381947,1579557274.5,727,856,626,596,739,fist,
10.09552598,1579557274.52,727,857,627,596,739,fist,
10.1201610565,1579557274.54,727,857,627,598,740,fist,
10.1447250843,1579557274.57,726,856,626,597,740,fist,
10.1651661396,1579557274.59,726,855,626,597,739,fist,
10.1894412041,1579557274.61,726,854,627,598,737,fist,
10.21017313,1579557274.63,725,853,627,599,736,fist,
10.2348361015,1579557274.66,723,852,627,599,735,fist,
10.259180069,1579557274.68,723,850,627,598,735,fist,
10.2798950672,1579557274.7,722,850,629,600,733,fist,
10.3044540882,1579557274.72,722,850,629,602,732,fist,
10.324750185,1579557274.75,722,850,630,601,732,fist,
10.3492450714,1579557274.77,720,851,629,601,732,fist,
10.3738691807,1579557274.79,720,850,630,602,731,fist,
10.3942501545,1579557274.81,720,852,629,603,731,fist,
10.418749094,1579557274.84,720,851,629,601,731,fist,
10.4393560886,1579557274.86,719,852,629,602,731,fist,
10.4641602039,1579557274.88,720,853,629,602,731,fist,
10.4847061634,1579557274.91,720,853,629,603,730,fist,
10.5090119839,1579557274.93,720,852,629,602,732,fist,
10.5334429741,1579557274.95,720,853,628,603,731,fist,
10.5541391373,1579557274.97,720,853,630,603,732,fist,
10.578756094,1579557275.0,720,853,630,604,731,fist,
10.5990509987,1579557275.02,720,853,630,602,730,fist,
10.6238501072,1579557275.04,720,854,630,602,732,fist,
10.6484870911,1579557275.07,719,857,629,602,731,fist,
10.6687951088,1579557275.09,718,859,630,606,729,fist,
10.6932210922,1579557275.11,717,860,630,608,728,fist,
10.7139801979,1579557275.13,717,862,631,609,728,fist,
10.7385220528,1579557275.16,717,864,631,611,729,fist,
10.7630310059,1579557275.18,718,866,630,612,729,fist,
10.7837491035,1579557275.2,716,868,630,612,729,fist,
10.8080639839,1579557275.23,718,868,632,614,729,fist,
10.8287231922,1579557275.25,717,869,631,615,730,fist,
10.8530020714,1579557275.27,717,868,631,614,729,fist,
10.8736441135,1579557275.29,716,869,631,614,728,fist,
10.8982841969,1579557275.32,717,869,630,614,728,fist,
10.9224870205,1579557275.34,717,870,632,615,728,fist,
10.943333149,1579557275.36,716,871,632,615,727,fist,
10.9679021835,1579557275.39,716,873,631,615,728,fist,
10.9883780479,1579557275.41,716,876,630,618,728,fist,
11.0129070282,1579557275.43,716,879,631,619,728,fist,
11.0373780727,1579557275.46,715,879,632,617,727,fist,
11.0579721928,1579557275.48,715,880,632,613,726,fist,
11.0825371742,1579557275.5,715,881,632,611,727,fist,
11.1028370857,1579557275.52,715,880,632,607,726,fist,
11.1276171207,1579557275.55,713,881,631,606,726,fist,
11.1523230076,1579557275.57,714,881,630,603,726,fist,
11.1724669933,1579557275.59,715,880,628,599,729,fist,
11.1970250607,1579557275.62,717,878,626,590,730,fist,
11.2177710533,1579557275.64,717,873,623,570,731,fist,
11.2422840595,1579557275.66,718,867,616,542,733,fist,
11.2626321316,1579557275.68,718,863,609,517,734,fist,
11.287405014,1579557275.71,718,859,605,503,734,fist,
11.3119220734,1579557275.73,719,857,601,493,734,fist,
11.3321621418,1579557275.75,718,854,597,484,733,fist,
11.3567521572,1579557275.78,719,852,596,481,735,fist,
11.3773989677,1579557275.8,719,853,594,480,734,fist,
11.4020760059,1579557275.82,718,852,596,480,735,fist,
11.4265100956,1579557275.85,718,852,595,480,732,fist,
11.4472219944,1579557275.87,717,851,596,483,732,fist,
11.4717161655,1579557275.89,717,852,596,489,732,fist,
11.4919531345,1579557275.91,715,854,599,497,730,fist,
11.5163931847,1579557275.94,714,856,601,507,726,fist,
11.541203022,1579557275.96,714,857,604,519,728,fist,
11.5617530346,1579557275.98,713,860,605,530,728,fist,
11.5860381126,1579557276.01,713,862,608,540,726,fist,
11.6067531109,1579557276.03,713,864,611,549,726,fist,
11.6314451694,1579557276.05,713,866,612,557,729,fist,
11.6520690918,1579557276.07,714,868,613,562,729,fist,
11.6762630939,1579557276.1,714,870,615,566,729,fist,
11.7007570267,1579557276.12,715,870,616,570,730,fist,
11.7214891911,1579557276.14,716,871,616,575,730,fist,
11.7461211681,1579557276.17,715,872,617,576,731,fist,
11.7664210796,1579557276.19,715,872,618,577,729,fist,
11.791162014,1579557276.21,716,873,619,577,730,fist,
11.8157839775,1579557276.24,716,873,619,579,728,fist,
11.8359601498,1579557276.26,716,873,619,579,731,fist,
11.8605351448,1579557276.28,716,873,618,578,730,fist,
11.881234169,1579557276.3,715,873,619,578,730,fist,
11.9057769775,1579557276.33,716,872,619,580,730,fist,
11.930311203,1579557276.35,717,872,619,581,729,fist,
11.9509401321,1579557276.37,715,874,619,580,730,fist,
11.9754400253,1579557276.4,715,873,619,579,730,fist,
11.9959352016,1579557276.42,715,873,620,581,729,fist,
12.0201749802,1579557276.44,715,873,619,581,730,fist,
12.0409259796,1579557276.46,714,873,619,581,729,fist,
12.0655469894,1579557276.49,714,874,620,581,729,fist,
12.0901260376,1579557276.51,715,873,620,583,729,fist,
12.1106112003,1579557276.53,716,873,620,583,730,fist,
12.1354119778,1579557276.56,715,874,620,583,730,fist,
12.1559970379,1579557276.58,715,874,621,583,728,fist,
12.180049181,1579557276.6,715,874,621,585,730,fist,
12.2047710419,1579557276.63,715,874,621,585,730,fist,
12.2251861095,1579557276.65,715,874,621,585,729,fist,
12.2496721745,1579557276.67,715,874,622,584,729,fist,
12.2702131271,1579557276.69,714,875,622,586,729,fist,
12.295112133,1579557276.72,715,875,623,588,730,fist,
12.3195691109,1579557276.74,714,877,623,590,730,fist,
12.3398830891,1579557276.76,714,877,624,592,729,fist,
12.3643271923,1579557276.78,715,879,626,596,729,fist,
12.3849310875,1579557276.81,715,880,629,601,729,fist,
12.409402132,1579557276.83,715,883,629,608,729,fist,
12.4301071167,1579557276.85,716,885,631,614,730,fist,
13.842413187,1579557278.26,716,886,633,619,730,one,
13.8429641724,1579557278.26,716,887,634,622,730,one,
13.8434650898,1579557278.26,717,888,634,623,730,one,
13.8439581394,1579557278.26,717,888,634,624,730,one,
13.8445000648,1579557278.26,717,888,636,625,730,one,
13.8449811935,1579557278.27,717,889,635,627,731,one,
13.8454480171,1579557278.27,717,889,635,626,730,one,
13.8459131718,1579557278.27,717,890,634,626,731,one,
13.8463811874,1579557278.27,718,889,636,628,732,one,
13.8468492031,1579557278.27,717,889,636,628,731,one,
13.8473141193,1579557278.27,717,889,635,628,731,one,
13.8474969864,1579557278.27,717,890,636,628,731,one,
13.8476550579,1579557278.27,718,889,637,628,731,one,
13.8478131294,1579557278.27,717,889,635,629,731,one,
13.8479712009,1579557278.27,717,889,636,628,730,one,
13.848129034,1579557278.27,718,890,636,628,731,one,
13.8482971191,1579557278.27,717,889,636,630,731,one,
13.8484580517,1579557278.27,717,889,637,629,731,one,
13.8486170769,1579557278.27,717,889,636,628,730,one,
13.8487741947,1579557278.27,717,890,636,628,731,one,
13.8489320278,1579557278.27,717,889,636,629,731,one,
13.8490900993,1579557278.27,717,889,636,629,731,one,
13.8492481709,1579557278.27,717,889,635,628,731,one,
13.8494081497,1579557278.27,718,889,636,629,731,one,
13.8495671749,1579557278.27,718,889,636,629,732,one,
13.8497262001,1579557278.27,717,888,636,630,732,one,
13.8498849869,1579557278.27,717,889,635,629,731,one,
13.8500440121,1579557278.27,717,889,636,629,731,one,
13.8502030373,1579557278.27,718,889,636,631,731,one,
13.8503620625,1579557278.27,717,890,637,633,731,one,
13.850520134,1579557278.27,718,890,637,634,731,one,
13.8506779671,1579557278.27,718,891,637,636,733,one,
13.8508369923,1579557278.27,717,892,638,637,732,one,
13.8509950638,1579557278.27,716,892,638,639,731,one,
13.8511531353,1579557278.27,718,892,638,639,732,one,
13.8513109684,1579557278.27,718,894,639,640,732,one,
13.8514690399,1579557278.27,718,893,639,640,732,one,
13.8516280651,1579557278.27,718,894,639,641,730,one,
13.8517870903,1579557278.27,718,895,639,641,732,one,
13.8519451618,1579557278.27,718,895,640,643,731,one,
13.852104187,1579557278.27,718,895,640,643,733,one,
13.8522729874,1579557278.27,718,896,640,644,731,one,
13.8524332047,1579557278.27,718,896,640,643,732,one,
13.8525919914,1579557278.27,718,897,640,644,733,one,
13.8527500629,1579557278.27,718,898,640,644,732,one,
13.8529231548,1579557278.27,718,897,641,643,731,one,
13.8530960083,1579557278.27,718,897,641,642,731,one,
13.8532721996,1579557278.27,718,897,641,643,732,one,
13.8534431458,1579557278.27,717,898,641,643,732,one,
13.8536272049,1579557278.27,718,898,642,641,730,one,
13.8537800312,1579557278.27,718,897,642,641,730,one,
13.8539340496,1579557278.27,718,898,642,642,731,one,
13.8540990353,1579557278.27,718,897,642,642,731,one,
13.8542521,1579557278.27,716,897,641,642,731,one,
13.854403019,1579557278.27,718,897,641,641,730,one,
13.8545529842,1579557278.27,718,898,642,642,731,one,
13.854706049,1579557278.28,717,898,642,643,731,one,
13.8548569679,1579557278.28,717,897,642,642,730,one,
13.855009079,1579557278.28,718,897,641,641,730,one,
13.8551790714,1579557278.28,718,897,642,642,731,one,
13.8553321362,1579557278.28,718,898,642,642,732,one,
13.8554852009,1579557278.28,716,897,642,641,730,one,
13.8759040833,1579557278.3,717,897,642,641,730,one,
13.8964421749,1579557278.32,718,897,642,642,731,one,
13.9206540585,1579557278.34,717,898,642,642,731,one,
13.9414219856,1579557278.36,716,898,642,641,729,one,
13.9657871723,1579557278.39,717,897,642,641,730,one,
13.9863271713,1579557278.41,718,897,641,641,731,one,
14.0111181736,1579557278.43,718,898,641,642,731,one,
14.0352780819,1579557278.46,717,897,641,641,730,one,
14.0558960438,1579557278.48,717,897,641,641,731,one,
14.0807771683,1579557278.5,718,897,640,641,732,one,
14.1009960175,1579557278.52,717,896,640,639,731,one,
14.1254811287,1579557278.55,717,896,640,635,731,one,
14.1502811909,1579557278.57,718,895,639,634,732,one,
14.1708331108,1579557278.59,719,895,639,633,733,one,
14.1954441071,1579557278.62,718,894,638,632,733,one,
14.2156381607,1579557278.64,718,892,636,627,733,one,
14.2404110432,1579557278.66,716,890,635,620,731,one,
14.2647411823,1579557278.69,716,889,634,613,733,one,
14.2852180004,1579557278.71,716,889,633,604,732,one,
14.3100311756,1579557278.73,715,889,632,597,731,one,
14.3305950165,1579557278.75,715,887,632,592,730,one,
14.3551580906,1579557278.78,713,886,630,590,730,one,
14.3753371239,1579557278.8,713,886,629,587,730,one,
14.4002850056,1579557278.82,712,886,629,583,729,one,
14.4246611595,1579557278.84,712,884,628,581,728,one,
14.4451930523,1579557278.87,713,883,628,581,730,one,
14.4695870876,1579557278.89,713,883,628,580,730,one,
14.4902880192,1579557278.91,711,883,627,579,729,one,
14.514824152,1579557278.94,712,881,628,579,729,one,
14.539203167,1579557278.96,713,881,628,579,730,one,
14.5599431992,1579557278.98,712,880,627,579,729,one,
14.5846090317,1579557279.0,712,880,627,577,729,one,
14.6046760082,1579557279.02,712,880,627,577,729,one,
14.6292321682,1579557279.05,712,879,627,578,729,one,
14.6540191174,1579557279.07,712,879,626,578,729,one,
14.6746520996,1579557279.09,711,878,627,576,729,one,
14.6991240978,1579557279.12,712,878,627,577,729,one,
14.7196481228,1579557279.14,712,878,626,577,728,one,
14.7442929745,1579557279.16,711,878,626,577,729,one,
14.7648000717,1579557279.19,712,878,626,576,729,one,
14.789039135,1579557279.21,711,879,626,577,728,one,
14.8137350082,1579557279.23,712,879,626,578,729,one,
14.8343391418,1579557279.25,711,879,627,577,728,one,
14.8587059975,1579557279.28,711,879,626,578,727,one,
14.8794550896,1579557279.3,711,879,627,579,727,one,
14.9040901661,1579557279.32,710,879,627,580,727,one,
14.928604126,1579557279.35,710,879,626,580,727,one,
14.9491231441,1579557279.37,710,880,626,580,726,one,
14.9736471176,1579557279.39,710,880,627,581,725,one,
14.9941060543,1579557279.41,710,880,627,583,726,one,
15.0186071396,1579557279.44,710,880,628,582,726,one,
15.0429520607,1579557279.46,709,881,628,582,726,one,
15.0637521744,1579557279.48,710,879,628,582,727,one,
15.0883851051,1579557279.51,709,880,628,583,725,one,
15.1087591648,1579557279.53,710,880,628,582,727,one,
15.1330590248,1579557279.55,710,881,628,582,727,one,
15.1538701057,1579557279.57,710,881,629,583,726,one,
15.1783549786,1579557279.6,710,881,628,585,726,one,
15.202778101,1579557279.62,710,882,628,583,727,one,
15.2233610153,1579557279.64,711,882,628,584,726,one,
15.2480781078,1579557279.67,711,882,629,585,728,one,
15.2682600021,1579557279.69,712,882,629,585,727,one,
15.2927441597,1579557279.71,712,882,628,585,727,one,
15.3174860477,1579557279.74,712,882,629,585,728,one,
15.3380670547,1579557279.76,711,882,629,586,728,one,
15.3625631332,1579557279.78,712,882,630,587,728,one,
15.3833281994,1579557279.8,712,882,629,587,727,one,
15.4076871872,1579557279.83,712,883,629,587,728,one,
15.4323630333,1579557279.85,712,882,630,588,728,one,
15.452586174,1579557279.87,712,881,630,589,728,one,
15.4771549702,1579557279.9,711,882,629,588,727,one,
15.497781992,1579557279.92,712,882,628,588,727,one,
15.5221710205,1579557279.94,712,882,629,590,727,one,
15.5428650379,1579557279.96,711,882,629,590,728,one,
15.5675880909,1579557279.99,711,882,628,589,727,one,
15.5920372009,1579557280.01,711,882,628,591,727,one,
15.6122941971,1579557280.03,711,883,628,592,726,one,
15.6368250847,1579557280.06,711,882,629,592,726,one,
15.657553196,1579557280.08,710,882,628,591,726,one,
15.6820940971,1579557280.1,711,882,628,591,726,one,
15.7066102028,1579557280.13,710,882,628,593,726,one,
15.7272670269,1579557280.15,710,883,629,594,726,one,
15.7516300678,1579557280.17,710,882,629,593,725,one,
15.7722511292,1579557280.19,710,883,628,594,725,one,
15.7965490818,1579557280.22,711,883,629,596,725,one,
15.8212630749,1579557280.24,711,883,628,596,726,one,
15.8416540623,1579557280.26,710,883,629,595,725,one,
15.8660581112,1579557280.29,711,882,628,597,726,one,
15.8870060444,1579557280.31,712,883,629,597,727,one,
15.9115200043,1579557280.33,712,882,630,597,727,one,
15.9320440292,1579557280.35,712,882,630,596,728,one,
15.9563150406,1579557280.38,714,882,630,597,729,one,
15.980848074,1579557280.4,714,882,630,598,729,one,
16.0015351772,1579557280.42,714,882,630,598,729,one,
16.0261280537,1579557280.45,713,882,631,597,729,one,
16.0466971397,1579557280.47,714,881,631,598,729,one,
16.0712971687,1579557280.49,714,882,631,599,730,one,
16.0958240032,1579557280.52,714,883,631,599,729,one,
16.1160421371,1579557280.54,713,882,631,599,728,one,
16.1405642033,1579557280.56,714,882,631,599,729,one,
16.1613600254,1579557280.58,714,882,631,601,729,one,
16.1858971119,1579557280.61,713,882,631,600,728,one,
16.2104439735,1579557280.63,714,882,631,599,728,one,
16.2310101986,1579557280.65,714,883,632,601,729,one,
16.2553801537,1579557280.68,714,883,631,602,729,one,
16.2761411667,1579557280.7,714,883,632,601,729,one,
16.3003780842,1579557280.72,714,882,633,600,729,one,
16.3208861351,1579557280.74,715,883,632,602,729,one,
16.3455731869,1579557280.77,715,883,632,603,731,one,
16.3702251911,1579557280.79,714,883,631,602,729,one,
16.3904941082,1579557280.81,714,883,632,601,728,one,
16.4153320789,1579557280.84,714,883,632,603,728,one,
16.4358241558,1579557280.86,714,883,632,603,729,one,
16.4600081444,1579557280.88,713,883,631,603,728,one,
16.4846041203,1579557280.9,713,883,631,602,727,one,
16.5053670406,1579557280.93,713,883,631,603,727,one,
16.5299501419,1579557280.95,713,884,631,605,728,one,
16.5504491329,1579557280.97,713,885,631,605,728,one,
16.5750939846,1579557281.0,712,885,631,603,726,one,
16.5994880199,1579557281.02,713,884,631,605,727,one,
16.6199121475,1579557281.04,714,885,631,605,728,one,
16.6443550587,1579557281.06,713,885,631,605,728,one,
16.6649839878,1579557281.09,713,885,631,605,728,one,
16.6896409988,1579557281.11,714,885,631,606,729,one,
16.7099261284,1579557281.13,714,885,631,607,729,one,
16.7348639965,1579557281.16,714,886,631,607,730,one,
16.7594041824,1579557281.18,714,886,632,607,729,one,
16.7798871994,1579557281.2,715,886,631,607,729,one,
16.8041579723,1579557281.22,715,887,631,609,729,one,
16.8248031139,1579557281.25,714,887,631,608,729,one,
16.8491740227,1579557281.27,714,886,632,607,729,one,
16.8739361763,1579557281.29,715,886,631,609,729,one,
16.8945322037,1579557281.31,715,886,631,609,730,one,
16.9191191196,1579557281.34,715,886,631,607,729,one,
16.9396030903,1579557281.36,714,886,631,607,729,one,
16.9640781879,1579557281.38,714,886,631,608,729,one,
16.9886050224,1579557281.41,715,885,631,607,730,one,
17.0090591908,1579557281.43,714,886,630,606,729,one,
17.0335919857,1579557281.45,714,886,631,605,729,one,
17.0541009903,1579557281.47,715,886,630,606,729,one,
17.0788090229,1579557281.5,715,885,630,606,729,one,
17.0994501114,1579557281.52,715,886,631,605,728,one,
17.1235761642,1579557281.54,714,886,631,605,729,one,
17.1481511593,1579557281.57,714,886,630,607,729,one,
17.1687300205,1579557281.59,714,886,631,607,729,one,
17.1934440136,1579557281.61,714,886,630,606,729,one,
17.2137901783,1579557281.63,712,887,630,607,727,one,
17.238656044,1579557281.66,714,887,630,607,728,one,
17.2631571293,1579557281.68,713,886,630,608,728,one,
17.2835690975,1579557281.7,714,887,629,607,728,one,
17.3081521988,1579557281.73,713,887,630,608,727,one,
17.3287510872,1579557281.75,713,887,631,609,728,one,
17.3531031609,1579557281.77,713,887,629,608,728,one,
17.3778660297,1579557281.8,713,886,629,607,727,one,
17.398070097,1579557281.82,713,887,630,608,727,one,
17.4226510525,1579557281.84,714,887,630,609,727,one,
17.4433891773,1579557281.86,714,886,630,610,728,one,
17.467828989,1579557281.89,713,887,630,608,727,one,
17.4885630608,1579557281.91,714,887,631,608,728,one,
17.5127851963,1579557281.93,714,887,630,610,727,one,
17.5373342037,1579557281.96,714,887,630,610,729,one,
17.5578119755,1579557281.98,714,887,630,609,730,one,
17.5826280117,1579557282.0,714,887,629,609,729,one,
17.6027491093,1579557282.02,714,886,629,609,729,one,
17.6273140907,1579557282.05,715,887,630,609,730,one,
17.652354002,1579557282.07,714,886,629,608,729,one,
17.6724820137,1579557282.09,714,886,629,608,729,one,
17.6971361637,1579557282.12,715,886,628,610,729,one,
17.7175550461,1579557282.14,714,886,629,609,729,one,
17.7423090935,1579557282.16,714,886,629,608,728,one,
17.766903162,1579557282.19,714,886,629,609,728,one,
17.7874140739,1579557282.21,714,886,629,610,729,one,
17.8117921352,1579557282.23,714,886,628,610,728,one,
17.8326191902,1579557282.25,713,886,629,609,728,one,
17.8568789959,1579557282.28,713,887,630,610,728,one,
17.8772850037,1579557282.3,713,887,631,612,727,one,
17.9021589756,1579557282.32,712,889,632,615,726,one,
17.9266049862,1579557282.35,713,890,633,618,726,one,
17.9471740723,1579557282.37,712,891,634,622,726,one,
17.9714231491,1579557282.39,712,891,636,625,726,one,
17.9923701286,1579557282.41,712,891,636,628,725,one,
18.0167629719,1579557282.44,712,892,636,630,725,one,
18.0412611961,1579557282.46,713,893,637,633,725,one,
18.0616490841,1579557282.48,712,893,638,636,724,one,
18.0863540173,1579557282.51,711,893,637,637,724,one,
18.1068701744,1579557282.53,711,893,638,637,724,one,
18.1311631203,1579557282.55,712,893,639,638,724,one,
18.1558611393,1579557282.58,711,894,639,639,724,one,
18.1765701771,1579557282.6,711,893,640,639,724,one,
18.2007231712,1579557282.62,712,893,638,638,724,one,
18.2213630676,1579557282.64,712,893,639,639,724,one,
18.2461621761,1579557282.67,711,893,640,640,725,one,
18.2667160034,1579557282.69,711,893,640,639,724,one,
18.29124403,1579557282.71,711,894,639,639,724,one,
18.315737009,1579557282.74,712,894,639,639,724,one,
18.3363220692,1579557282.76,711,894,639,640,724,one,
18.3607680798,1579557282.78,711,893,639,639,724,one,
18.3811571598,1579557282.8,711,894,639,638,724,one,
18.4055161476,1579557282.83,712,893,639,639,725,one,
18.4303820133,1579557282.85,712,894,639,640,724,one,
18.4507131577,1579557282.87,710,893,640,640,723,one,
18.4751961231,1579557282.9,711,893,639,639,723,one,
18.4960670471,1579557282.92,711,893,639,640,725,one,
18.5206031799,1579557282.94,711,895,639,640,723,one,
18.5448181629,1579557282.97,711,893,640,640,724,one,
18.5656421185,1579557282.99,710,893,639,639,723,one,
18.5901989937,1579557283.01,711,894,639,640,723,one,
18.6108300686,1579557283.03,711,894,640,640,723,one,
18.6350209713,1579557283.06,710,894,640,639,722,one,
18.6555690765,1579557283.08,710,893,639,639,723,one,
18.6803860664,1579557283.1,710,893,639,640,723,one,
18.7045080662,1579557283.12,710,894,639,640,723,one,
18.7252271175,1579557283.15,710,894,639,640,723,one,
18.749917984,1579557283.17,710,894,639,640,722,one,
18.7704520226,1579557283.19,710,894,639,641,723,one,
18.7949140072,1579557283.22,710,893,639,641,724,one,
18.819576025,1579557283.24,710,893,639,640,722,one,
18.8400490284,1579557283.26,710,894,639,640,723,one,
18.8646090031,1579557283.28,711,893,639,642,724,one,
19.9172770977,1579557284.34,710,894,639,641,724,extend,
19.9178130627,1579557284.34,710,893,639,640,723,extend,
19.9182920456,1579557284.34,710,894,639,640,723,extend,
19.9187669754,1579557284.34,711,893,639,641,723,extend,
19.9192421436,1579557284.34,711,894,639,641,723,extend,
19.919711113,1579557284.34,710,894,639,640,723,extend,
19.9202120304,1579557284.34,711,893,640,640,722,extend,
19.9206871986,1579557284.34,711,894,639,641,724,extend,
19.9211571217,1579557284.34,710,894,639,641,723,extend,
19.9216270447,1579557284.34,710,893,639,639,723,extend,
19.9220030308,1579557284.34,711,893,639,640,723,extend,
19.9221630096,1579557284.34,711,894,639,642,723,extend,
19.9223220348,1579557284.34,710,894,638,641,724,extend,
19.9224820137,1579557284.34,710,894,639,640,722,extend,
19.9226400852,1579557284.34,710,894,639,640,722,extend,
19.9228000641,1579557284.34,711,894,639,641,724,extend,
19.9229581356,1579557284.34,710,894,639,640,724,extend,
19.9231171608,1579557284.34,710,894,639,639,723,extend,
19.9232771397,1579557284.34,710,894,639,640,722,extend,
19.9234361649,1579557284.34,711,894,639,642,723,extend,
19.9235961437,1579557284.34,711,894,639,641,724,extend,
19.9237561226,1579557284.34,710,894,640,640,723,extend,
19.9239141941,1579557284.34,710,893,639,640,722,extend,
19.9240729809,1579557284.34,711,894,639,642,724,extend,
19.9242370129,1579557284.34,710,895,639,640,723,extend,
19.9243969917,1579557284.34,710,894,639,639,723,extend,
19.9245560169,1579557284.34,710,893,639,641,723,extend,
19.9247150421,1579557284.35,711,894,639,640,724,extend,
19.9248859882,1579557284.35,710,894,639,640,724,extend,
19.925039053,1579557284.35,710,894,639,640,723,extend,
19.9251930714,1579557284.35,710,894,639,641,723,extend,
19.9253461361,1579557284.35,711,893,639,641,723,extend,
19.9254970551,1579557284.35,710,894,639,640,723,extend,
19.9256491661,1579557284.35,710,894,639,639,723,extend,
19.9258010387,1579557284.35,710,894,639,641,723,extend,
19.9259531498,1579557284.35,711,894,639,642,723,extend,
19.9261050224,1579557284.35,710,894,639,641,723,extend,
19.9262590408,1579557284.35,710,894,639,640,722,extend,
19.9264111519,1579557284.35,710,894,640,640,722,extend,
19.9265630245,1579557284.35,711,894,639,641,723,extend,
19.9267160892,1579557284.35,710,893,638,640,723,extend,
19.9268682003,1579557284.35,710,894,639,640,722,extend,
19.9270210266,1579557284.35,710,893,640,640,722,extend,
19.9271740913,1579557284.35,710,894,639,641,723,extend,
19.9273262024,1579557284.35,710,893,639,640,724,extend,
19.927478075,1579557284.35,711,895,639,640,722,extend,
19.9376780987,1579557284.36,710,894,638,641,723,extend,
19.9620480537,1579557284.38,711,894,640,642,723,extend,
19.9868290424,1579557284.41,710,893,638,641,723,extend,
20.0071539879,1579557284.43,710,894,639,639,722,extend,
20.0318441391,1579557284.45,710,894,639,641,723,extend,
20.0524840355,1579557284.47,711,894,640,642,722,extend,
20.0766689777,1579557284.5,711,894,638,640,724,extend,
20.1012191772,1579557284.52,710,894,639,638,723,extend,
20.121710062,1579557284.54,710,894,639,641,722,extend,
20.1464910507,1579557284.57,711,893,640,641,723,extend,
20.1668331623,1579557284.59,710,894,639,641,724,extend,
20.1916410923,1579557284.61,710,893,639,640,723,extend,
20.2122490406,1579557284.63,711,894,639,640,723,extend,
20.2367022038,1579557284.66,710,894,638,640,723,extend,
20.2608389854,1579557284.68,710,892,638,636,724,extend,
20.2815229893,1579557284.7,711,890,637,629,725,extend,
20.3063530922,1579557284.73,713,886,635,620,727,extend,
20.3267660141,1579557284.75,715,879,631,606,729,extend,
20.351432085,1579557284.77,715,873,623,580,729,extend,
20.3759560585,1579557284.8,714,865,615,550,729,extend,
20.3965001106,1579557284.82,714,858,608,526,729,extend,
20.42070508,1579557284.84,714,852,601,506,729,extend,
20.4415621758,1579557284.86,714,848,596,491,730,extend,
20.4659731388,1579557284.89,714,846,592,482,730,extend,
20.4905581474,1579557284.91,713,842,590,478,730,extend,
20.5108251572,1579557284.93,715,841,589,473,731,extend,
20.5357501507,1579557284.96,714,839,588,468,730,extend,
20.555989027,1579557284.98,714,837,587,465,730,extend,
20.5805711746,1579557285.0,715,837,585,462,731,extend,
20.6010110378,1579557285.02,715,835,584,458,731,extend,
20.6257441044,1579557285.05,714,834,583,455,731,extend,
20.6503641605,1579557285.07,715,833,582,452,732,extend,
20.6706190109,1579557285.09,715,833,581,450,732,extend,
20.6955740452,1579557285.12,715,832,581,447,731,extend,
20.7159311771,1579557285.14,715,831,580,446,731,extend,
20.7402510643,1579557285.16,715,831,581,447,731,extend,
20.7646970749,1579557285.19,715,831,582,449,731,extend,
20.7854280472,1579557285.21,714,830,582,448,731,extend,
20.8100810051,1579557285.23,714,830,581,448,729,extend,
20.8307750225,1579557285.25,714,830,582,450,730,extend,
20.8550641537,1579557285.28,714,832,583,451,731,extend,
20.8797421455,1579557285.3,714,831,583,451,730,extend,
20.9003679752,1579557285.32,715,831,582,451,729,extend,
20.9244260788,1579557285.34,714,832,583,453,730,extend,
20.9449892044,1579557285.37,714,833,584,453,731,extend,
20.9695420265,1579557285.39,714,832,583,454,729,extend,
20.9903151989,1579557285.41,714,832,584,453,729,extend,
21.0146520138,1579557285.43,715,833,584,455,730,extend,
21.0392830372,1579557285.46,713,833,584,456,730,extend,
21.0599191189,1579557285.48,713,834,585,456,729,extend,
21.0842161179,1579557285.5,713,833,585,454,730,extend,
21.1047720909,1579557285.53,714,834,585,456,729,extend,
21.1294400692,1579557285.55,714,834,585,457,730,extend,
21.1540000439,1579557285.57,714,834,585,456,730,extend,
21.17436409,1579557285.59,713,834,585,453,728,extend,
21.19917202,1579557285.62,714,834,585,457,729,extend,
21.2198400497,1579557285.64,714,835,585,458,730,extend,
21.2439851761,1579557285.66,713,835,586,457,728,extend,
21.2684631348,1579557285.69,713,834,587,456,728,extend,
21.2893509865,1579557285.71,714,835,585,457,728,extend,
21.3137199879,1579557285.73,714,835,587,459,729,extend,
21.3340301514,1579557285.75,712,836,587,459,729,extend,
21.3588631153,1579557285.78,713,836,586,457,728,extend,
21.3791821003,1579557285.8,714,836,586,458,729,extend,
21.4040031433,1579557285.82,714,836,586,458,730,extend,
21.4282581806,1579557285.85,714,836,586,456,730,extend,
21.4487640858,1579557285.87,714,837,586,456,730,extend,
21.4734811783,1579557285.89,715,836,586,456,731,extend,
21.4938011169,1579557285.91,715,837,586,458,731,extend,
21.5186591148,1579557285.94,714,836,586,456,731,extend,
21.543238163,1579557285.96,714,837,586,455,729,extend,
21.5636870861,1579557285.98,714,836,586,456,731,extend,
21.5881741047,1579557286.01,715,835,586,456,731,extend,
21.6085960865,1579557286.03,713,837,586,457,730,extend,
21.6331920624,1579557286.05,714,835,586,456,728,extend,
21.6578021049,1579557286.08,713,836,585,456,729,extend,
21.6781799793,1579557286.1,714,835,586,456,729,extend,
21.7029290199,1579557286.12,713,836,585,455,728,extend,
21.7234630585,1579557286.14,713,836,585,454,727,extend,
21.7479391098,1579557286.17,713,836,586,456,728,extend,
21.7685081959,1579557286.19,713,836,586,457,729,extend,
21.7927889824,1579557286.21,713,836,585,456,728,extend,
21.8174669743,1579557286.24,713,836,586,457,728,extend,
21.8377411366,1579557286.26,714,836,586,457,728,extend,
21.862694025,1579557286.28,714,836,586,457,730,extend,
21.88321805,1579557286.3,713,836,586,456,730,extend,
21.907733202,1579557286.33,713,837,586,455,729,extend,
21.9320349693,1579557286.35,714,836,587,456,731,extend,
21.9527871609,1579557286.37,714,837,586,457,731,extend,
21.9770619869,1579557286.4,713,837,587,455,731,extend,
21.997644186,1579557286.42,714,837,587,456,731,extend,
22.0223171711,1579557286.44,714,837,588,457,730,extend,
22.0469901562,1579557286.47,714,837,588,457,731,extend,
22.0674850941,1579557286.49,714,837,588,457,732,extend,
22.0920732021,1579557286.51,714,838,588,457,730,extend,
22.1125431061,1579557286.53,714,838,589,458,730,extend,
22.1368260384,1579557286.56,714,837,589,458,729,extend,
22.15766716,1579557286.58,713,837,587,457,730,extend,
22.1819310188,1579557286.6,713,838,588,457,729,extend,
22.2066760063,1579557286.63,713,837,588,459,729,extend,
22.2272491455,1579557286.65,713,837,588,458,729,extend,
22.2515480518,1579557286.67,713,837,586,456,729,extend,
22.2720479965,1579557286.69,713,838,586,456,728,extend,
22.2967259884,1579557286.72,712,837,586,457,729,extend,
22.3213291168,1579557286.74,713,837,586,456,729,extend,
22.3416500092,1579557286.76,713,837,586,455,728,extend,
22.3663799763,1579557286.79,713,837,586,456,729,extend,
22.3870811462,1579557286.81,713,837,586,456,729,extend,
22.4113001823,1579557286.83,713,837,587,455,729,extend,
22.4357721806,1579557286.86,714,837,586,454,730,extend,
22.4563500881,1579557286.88,713,837,586,455,730,extend,
22.4808320999,1579557286.9,714,837,587,454,731,extend,
22.5014929771,1579557286.92,714,837,587,453,731,extend,
22.5261850357,1579557286.95,714,837,586,453,731,extend,
22.546751976,1579557286.97,714,837,585,453,732,extend,
22.5710530281,1579557286.99,715,836,586,454,732,extend,
22.5955181122,1579557287.02,715,837,587,453,731,extend,
22.6164829731,1579557287.04,715,836,586,453,732,extend,
22.640681982,1579557287.06,715,837,585,454,731,extend,
22.6611320972,1579557287.08,714,836,586,455,731,extend,
22.6860151291,1579557287.11,715,836,586,453,730,extend,
22.7103559971,1579557287.13,714,836,586,454,731,extend,
22.731041193,1579557287.15,715,837,587,455,731,extend,
22.7552490234,1579557287.18,714,836,587,456,731,extend,
22.7762451172,1579557287.2,714,836,587,455,730,extend,
22.8007891178,1579557287.22,714,837,587,455,730,extend,
22.8251051903,1579557287.25,714,837,587,454,731,extend,
22.8454611301,1579557287.27,714,836,586,455,731,extend,
22.8702151775,1579557287.29,714,836,586,454,730,extend,
22.8908381462,1579557287.31,713,836,586,454,729,extend,
22.9153180122,1579557287.34,714,836,586,455,730,extend,
22.9359381199,1579557287.36,714,836,586,455,730,extend,
22.9605200291,1579557287.38,712,835,586,453,730,extend,
22.9847130775,1579557287.41,713,835,586,453,729,extend,
23.0053391457,1579557287.43,714,836,586,455,730,extend,
23.0299861431,1579557287.45,713,836,585,455,729,extend,
23.0505120754,1579557287.47,712,836,586,454,729,extend,
23.0749390125,1579557287.5,713,835,585,452,728,extend,
23.0993540287,1579557287.52,714,836,584,455,729,extend,
23.1202061176,1579557287.54,713,836,585,455,730,extend,
23.1446480751,1579557287.56,713,836,584,454,729,extend,
23.1647560596,1579557287.59,712,836,585,454,729,extend,
23.1896960735,1579557287.61,713,836,584,455,729,extend,
23.2142851353,1579557287.63,714,836,585,456,729,extend,
23.2347941399,1579557287.66,713,837,586,455,730,extend,
23.2591481209,1579557287.68,713,836,585,454,730,extend,
23.2799441814,1579557287.7,714,837,585,455,731,extend,
23.3044981956,1579557287.72,715,838,586,456,730,extend,
23.3245911598,1579557287.74,714,837,586,455,730,extend,
23.3491671085,1579557287.77,713,837,586,454,731,extend,
23.3740170002,1579557287.79,715,836,585,455,731,extend,
23.3942370415,1579557287.81,715,837,585,456,732,extend,
23.4191331863,1579557287.84,714,837,585,454,731,extend,
23.4395830631,1579557287.86,714,836,585,453,731,extend,
23.4642760754,1579557287.88,715,836,585,454,731,extend,
23.4884250164,1579557287.91,714,836,585,455,732,extend,
23.5089771748,1579557287.93,714,837,586,454,730,extend,
23.5336401463,1579557287.95,714,837,585,454,730,extend,
23.5543041229,1579557287.97,714,836,586,454,733,extend,
23.5785450935,1579557288.0,714,837,585,455,730,extend,
23.6030311584,1579557288.02,713,836,584,454,730,extend,
23.6238651276,1579557288.04,714,837,585,454,729,extend,
23.6484980583,1579557288.07,714,837,585,455,731,extend,
23.6687140465,1579557288.09,714,836,585,455,731,extend,
23.693500042,1579557288.11,714,836,584,454,730,extend,
23.7140731812,1579557288.13,714,837,586,455,731,extend,
23.7383739948,1579557288.16,714,836,585,456,730,extend,
23.7630741596,1579557288.18,714,835,586,456,732,extend,
23.7837920189,1579557288.2,714,837,586,455,730,extend,
23.8083591461,1579557288.23,714,837,586,456,730,extend,
23.8284430504,1579557288.25,714,837,586,457,731,extend,
23.8530871868,1579557288.27,714,837,586,457,731,extend,
23.8777492046,1579557288.3,714,837,585,457,730,extend,
23.8981590271,1579557288.32,714,838,587,458,730,extend,
23.9225871563,1579557288.34,714,838,587,458,730,extend,
23.9429249763,1579557288.36,713,838,587,459,731,extend,
23.9675350189,1579557288.39,713,838,587,458,730,extend,
23.9920392036,1579557288.41,713,839,587,459,730,extend,
24.0127131939,1579557288.43,714,838,588,460,729,extend,
24.0373570919,1579557288.46,713,838,587,461,730,extend,
24.0580911636,1579557288.48,713,838,587,461,730,extend,
24.0826911926,1579557288.5,713,839,588,463,729,extend,
24.1031970978,1579557288.52,714,839,588,463,730,extend,
24.1277701855,1579557288.55,713,839,588,463,729,extend,
24.1522340775,1579557288.57,713,839,588,463,729,extend,
24.1725530624,1579557288.59,713,840,589,464,729,extend,
24.1972751617,1579557288.62,713,840,590,465,730,extend,
24.2177619934,1579557288.64,713,840,591,465,730,extend,
24.2421321869,1579557288.66,713,842,592,468,729,extend,
24.2665801048,1579557288.69,713,844,595,476,729,extend,
24.2875189781,1579557288.71,712,847,600,487,728,extend,
24.3120241165,1579557288.73,711,851,603,500,727,extend,
24.332264185,1579557288.75,711,855,607,515,726,extend,
24.3568401337,1579557288.78,711,858,610,530,727,extend,
24.381581068,1579557288.8,711,861,613,543,726,extend,
24.4021639824,1579557288.82,711,864,616,553,726,extend,
24.4263660908,1579557288.85,710,867,618,564,725,extend,
24.4470610619,1579557288.87,711,870,620,575,725,extend,
24.4714050293,1579557288.89,710,873,622,585,724,extend,
24.4922549725,1579557288.91,710,875,624,592,723,extend,
24.5167291164,1579557288.94,710,877,626,599,723,extend,
24.5411629677,1579557288.96,710,880,627,607,724,extend,
24.5618040562,1579557288.98,710,882,630,613,723,extend,
24.5864961147,1579557289.01,710,884,631,617,722,extend,
24.6066291332,1579557289.03,711,885,632,619,724,extend,
24.631565094,1579557289.05,711,887,632,623,725,extend,
24.6559071541,1579557289.08,711,887,633,625,724,extend,
24.6762871742,1579557289.1,710,888,635,627,723,extend,
24.7007870674,1579557289.12,710,889,635,628,724,extend,
24.7213389874,1579557289.14,711,889,634,630,724,extend,
24.7461900711,1579557289.17,710,889,635,631,723,extend,
24.7704479694,1579557289.19,710,890,635,631,722,extend,
24.7912750244,1579557289.21,709,890,635,631,722,extend,
24.8158061504,1579557289.24,709,891,636,633,723,extend,
24.8359541893,1579557289.26,709,891,635,633,722,extend,
24.8606481552,1579557289.28,708,890,635,632,721,extend,
24.8813431263,1579557289.3,708,890,636,633,720,extend,
24.9059221745,1579557289.33,709,891,635,634,721,extend,
24.9300851822,1579557289.35,708,891,635,634,720,extend,
27.4189500809,1579557291.84,708,891,636,633,720,fist,
27.4194180965,1579557291.84,708,891,636,634,720,fist,
27.4198360443,1579557291.84,709,891,635,635,721,fist,
27.4203000069,1579557291.84,708,891,635,635,721,fist,
27.4207141399,1579557291.84,708,891,635,633,720,fist,
27.4211189747,1579557291.84,708,891,636,635,720,fist,
27.4215250015,1579557291.84,709,892,635,635,721,fist,
27.4219310284,1579557291.84,708,891,635,635,721,fist,
27.4223361015,1579557291.84,708,891,635,633,721,fist,
27.4227421284,1579557291.84,708,891,636,635,720,fist,
27.4231491089,1579557291.84,709,892,636,636,721,fist,
27.4235520363,1579557291.84,708,892,635,635,721,fist,
27.4239580631,1579557291.84,707,892,636,635,721,fist,
27.4241330624,1579557291.84,708,891,634,635,720,fist,
27.4242889881,1579557291.84,709,892,635,636,721,fist,
27.4244410992,1579557291.84,708,891,636,635,721,fist,
27.4245910645,1579557291.84,706,892,635,635,719,fist,
27.4247410297,1579557291.85,708,891,635,634,720,fist,
27.424890995,1579557291.85,709,892,635,636,720,fist,
27.4250450134,1579557291.85,708,892,635,635,720,fist,
27.4251949787,1579557291.85,708,892,635,635,720,fist,
27.4253451824,1579557291.85,708,891,636,635,720,fist,
27.4254951477,1579557291.85,709,891,635,636,720,fist,
27.4256441593,1579557291.85,708,893,636,636,720,fist,
27.4257931709,1579557291.85,707,892,635,635,719,fist,
27.4259431362,1579557291.85,708,892,636,636,721,fist,
27.4260921478,1579557291.85,708,892,636,637,721,fist,
27.4262421131,1579557291.85,708,892,635,637,720,fist,
27.4263920784,1579557291.85,708,892,635,634,720,fist,
27.4265420437,1579557291.85,708,892,636,636,720,fist,
27.4267191887,1579557291.85,707,892,635,637,721,fist,
27.4268701077,1579557291.85,708,892,635,637,720,fist,
27.4270210266,1579557291.85,707,892,636,635,720,fist,
27.4271709919,1579557291.85,708,892,635,636,720,fist,
27.4273211956,1579557291.85,708,892,636,637,721,fist,
27.4274711609,1579557291.85,708,892,636,636,720,fist,
27.4276211262,1579557291.85,707,892,636,636,720,fist,
27.4277701378,1579557291.85,707,892,636,636,720,fist,
27.4279201031,1579557291.85,708,892,636,637,721,fist,
27.428071022,1579557291.85,708,892,636,636,720,fist,
27.4282259941,1579557291.85,708,893,636,636,720,fist,
27.4283771515,1579557291.85,708,892,636,636,721,fist,
27.4285271168,1579557291.85,708,892,636,637,720,fist,
27.4286770821,1579557291.85,708,892,635,636,721,fist,
27.4288260937,1579557291.85,708,892,635,636,720,fist,
27.428976059,1579557291.85,708,892,636,636,721,fist,
27.4291260242,1579557291.85,708,891,636,637,720,fist,
27.4292759895,1579557291.85,707,892,635,636,721,fist,
27.4294261932,1579557291.85,707,892,635,636,720,fist,
27.4295771122,1579557291.85,708,892,636,637,719,fist,
27.4297289848,1579557291.85,708,891,636,637,721,fist,
27.4298939705,1579557291.85,707,892,636,637,720,fist,
27.4300429821,1579557291.85,708,892,635,636,720,fist,
27.4301919937,1579557291.85,708,892,636,637,719,fist,
27.4303410053,1579557291.85,708,892,636,637,720,fist,
27.4305121899,1579557291.85,707,892,636,637,720,fist,
27.4306750298,1579557291.85,707,891,636,637,720,fist,
27.4308271408,1579557291.85,708,892,635,636,720,fist,
27.4309790134,1579557291.85,708,892,637,637,721,fist,
27.4311311245,1579557291.85,708,892,635,636,721,fist,
27.4312820435,1579557291.85,708,891,636,636,722,fist,
27.4314320087,1579557291.85,709,892,636,637,722,fist,
27.4315841198,1579557291.85,709,892,636,637,721,fist,
27.4317350388,1579557291.85,710,892,635,637,720,fist,
27.4318871498,1579557291.85,709,893,636,637,723,fist,
27.4320390224,1579557291.85,710,893,636,638,722,fist,
27.432197094,1579557291.85,710,892,637,638,722,fist,
27.4323651791,1579557291.85,709,892,636,637,722,fist,
27.4325180054,1579557291.85,710,893,635,638,723,fist,
27.4326701164,1579557291.85,710,892,636,638,723,fist,
27.4328219891,1579557291.85,709,893,636,638,723,fist,
27.4329731464,1579557291.85,710,893,637,637,722,fist,
27.4331240654,1579557291.85,709,892,636,637,722,fist,
27.4332749844,1579557291.85,710,892,636,638,723,fist,
27.4334270954,1579557291.85,709,892,636,638,722,fist,
27.433578968,1579557291.85,709,892,636,637,722,fist,
27.4337310791,1579557291.85,709,892,636,638,722,fist,
27.4338841438,1579557291.85,709,892,636,639,722,fist,
27.4340350628,1579557291.85,708,892,636,637,720,fist,
27.4341859818,1579557291.85,708,892,636,637,720,fist,
27.4343380928,1579557291.85,708,892,636,638,720,fist,
27.4344902039,1579557291.85,707,893,635,638,721,fist,
27.4346430302,1579557291.85,707,892,635,637,720,fist,
27.4347951412,1579557291.86,706,892,635,637,720,fist,
27.4349470139,1579557291.86,708,892,635,637,719,fist,
27.4351091385,1579557291.86,707,892,635,638,720,fist,
27.435254097,1579557291.86,707,892,635,637,720,fist,
27.4354000092,1579557291.86,707,891,636,636,719,fist,
27.4355471134,1579557291.86,708,892,635,637,720,fist,
27.4356930256,1579557291.86,708,891,635,637,721,fist,
27.4358391762,1579557291.86,707,892,635,637,721,fist,
27.4359850883,1579557291.86,707,892,635,636,720,fist,
27.4361300468,1579557291.86,707,892,636,638,722,fist,
27.4362800121,1579557291.86,709,891,636,638,721,fist,
27.4364249706,1579557291.86,707,892,635,637,721,fist,
27.4365701675,1579557291.86,708,891,636,636,721,fist,
27.4367160797,1579557291.86,709,892,635,637,721,fist,
27.436863184,1579557291.86,708,891,635,637,722,fist,
27.4370081425,1579557291.86,708,893,635,637,721,fist,
27.4371540546,1579557291.86,708,891,635,636,720,fist,
27.4372999668,1579557291.86,707,892,635,638,721,fist,
27.4374461174,1579557291.86,709,892,635,638,721,fist,
27.4375920296,1579557291.86,707,892,635,637,720,fist,
27.4377391338,1579557291.86,707,891,636,637,719,fist,
27.437885046,1579557291.86,708,892,635,638,720,fist,
27.4380321503,1579557291.86,708,892,634,638,720,fist,
27.4381871223,1579557291.86,707,892,635,637,719,fist,
27.4383330345,1579557291.86,707,892,636,637,719,fist,
27.4384801388,1579557291.86,707,891,636,638,721,fist,
27.4449431896,1579557291.87,707,892,635,638,721,fist,
27.4695730209,1579557291.89,707,892,635,637,719,fist,
27.4943640232,1579557291.91,706,893,635,637,719,fist,
27.5151381493,1579557291.94,707,892,634,639,719,fist,
27.5394079685,1579557291.96,707,893,634,640,720,fist,
27.5600130558,1579557291.98,707,893,634,640,719,fist,
27.5845630169,1579557292.0,707,894,634,640,719,fist,
27.6047229767,1579557292.03,708,894,633,642,721,fist,
27.6295251846,1579557292.05,708,894,632,641,721,fist,
27.6540930271,1579557292.07,709,895,629,638,720,fist,
27.6745111942,1579557292.09,710,895,626,637,721,fist,
27.6989660263,1579557292.12,711,893,621,636,721,fist,
27.7197320461,1579557292.14,712,888,617,631,724,fist,
27.7443301678,1579557292.16,712,882,615,625,724,fist,
27.7684791088,1579557292.19,712,876,615,622,723,fist,
27.7892391682,1579557292.21,711,872,615,622,723,fist,
27.8138370514,1579557292.23,711,870,615,622,724,fist,
27.8344380856,1579557292.25,709,868,614,622,721,fist,
27.8586771488,1579557292.28,708,868,613,621,719,fist,
27.8835799694,1579557292.3,708,869,614,623,718,fist,
27.9040529728,1579557292.32,707,869,614,624,718,fist,
27.9282951355,1579557292.35,706,868,613,621,718,fist,
27.9488441944,1579557292.37,707,868,613,620,717,fist,
27.9735519886,1579557292.39,708,869,613,621,718,fist,
27.9941179752,1579557292.41,709,869,613,620,720,fist,
28.0184311867,1579557292.44,709,868,613,618,720,fist,
28.0430691242,1579557292.46,709,869,613,618,719,fist,
28.0637660027,1579557292.48,710,868,612,620,720,fist,
28.0880711079,1579557292.51,708,870,612,620,720,fist,
28.1087620258,1579557292.53,708,869,612,618,720,fist,
28.1332871914,1579557292.55,708,870,612,617,721,fist,
28.1578881741,1579557292.58,709,869,614,620,719,fist,
28.1782200336,1579557292.6,710,870,613,620,720,fist,
28.2026619911,1579557292.62,710,870,613,617,721,fist,
28.2235369682,1579557292.64,710,870,613,616,721,fist,
28.2481751442,1579557292.67,711,869,614,617,722,fist,
28.2723371983,1579557292.69,712,869,613,617,722,fist,
28.2928411961,1579557292.71,711,869,613,616,723,fist,
28.3175721169,1579557292.74,712,868,614,616,724,fist,
28.3379399776,1579557292.76,712,868,614,618,723,fist,
28.3624889851,1579557292.78,713,867,614,618,723,fist,
28.3832211494,1579557292.8,712,868,613,618,723,fist,
28.4078230858,1579557292.83,712,869,614,618,723,fist,
28.4323241711,1579557292.85,712,868,614,620,723,fist,
28.4525990486,1579557292.87,711,869,614,620,723,fist,
28.4773910046,1579557292.9,712,870,613,619,723,fist,
28.497838974,1579557292.92,712,870,614,619,723,fist,
28.522162199,1579557292.94,712,870,613,619,723,fist,
28.5469651222,1579557292.97,712,870,614,620,723,fist,
28.5675480366,1579557292.99,712,870,613,619,723,fist,
28.5921421051,1579557293.01,713,871,613,620,723,fist,
28.6125500202,1579557293.03,712,871,615,621,723,fist,
28.6368861198,1579557293.06,712,870,614,620,723,fist,
28.6617240906,1579557293.08,712,870,614,620,723,fist,
28.6820521355,1579557293.1,713,871,614,622,725,fist,
28.7064480782,1579557293.13,713,870,615,623,725,fist,
28.7273449898,1579557293.15,712,871,614,623,724,fist,
28.7518160343,1579557293.17,713,870,613,623,724,fist,
28.7719659805,1579557293.19,713,871,614,622,724,fist,
28.7968230247,1579557293.22,712,871,614,623,724,fist,
28.8211660385,1579557293.24,712,870,614,622,724,fist,
28.8417961597,1579557293.26,712,870,613,620,724,fist,
28.8662312031,1579557293.29,713,870,614,622,724,fist,
28.8870491982,1579557293.31,712,870,615,622,724,fist,
28.911575079,1579557293.33,712,869,615,621,725,fist,
28.9358291626,1579557293.36,712,869,614,621,724,fist,
28.9565529823,1579557293.38,713,869,615,621,724,fist,
28.9809169769,1579557293.4,712,870,615,622,725,fist,
29.0016071796,1579557293.42,712,869,615,620,724,fist,
29.0262241364,1579557293.45,712,869,615,621,724,fist,
29.0508351326,1579557293.47,712,869,615,622,724,fist,
29.0710070133,1579557293.49,712,870,615,622,723,fist,
29.0959010124,1579557293.52,711,870,615,621,723,fist,
29.1161551476,1579557293.54,712,870,615,621,723,fist,
29.1406981945,1579557293.56,712,870,615,622,724,fist,
29.1613461971,1579557293.58,713,871,616,623,724,fist,
29.1856341362,1579557293.61,712,870,615,622,723,fist,
29.2104570866,1579557293.63,711,870,615,623,723,fist,
29.2310991287,1579557293.65,712,870,616,623,724,fist,
29.2556471825,1579557293.68,712,871,616,623,724,fist,
29.2758581638,1579557293.7,711,871,617,623,723,fist,
29.3008069992,1579557293.72,712,869,616,622,723,fist,
29.3250610828,1579557293.75,712,870,616,623,724,fist,
29.3457319736,1579557293.77,712,870,616,622,723,fist,
29.3702661991,1579557293.79,711,870,617,620,723,fist,
29.3908979893,1579557293.81,711,869,617,620,722,fist,
29.415361166,1579557293.84,712,870,616,623,724,fist,
29.4396350384,1579557293.86,712,870,617,622,723,fist,
29.4602530003,1579557293.88,711,870,617,622,723,fist,
29.4847750664,1579557293.91,712,871,618,623,723,fist,
29.5053870678,1579557293.93,711,871,618,625,723,fist,
29.5297231674,1579557293.95,711,871,617,624,723,fist,
29.5505671501,1579557293.97,710,871,618,623,722,fist,
29.5750820637,1579557294.0,711,871,618,625,722,fist,
29.5996251106,1579557294.02,711,871,618,625,722,fist,
29.6198780537,1579557294.04,711,871,618,625,723,fist,
29.6448230743,1579557294.07,709,871,619,624,721,fist,
29.6649801731,1579557294.09,709,871,619,625,720,fist,
29.6894650459,1579557294.11,709,871,619,628,719,fist,
29.71423316,1579557294.13,708,872,619,629,718,fist,
29.7348611355,1579557294.16,707,871,619,627,717,fist,
29.759428978,1579557294.18,706,872,620,628,716,fist,
29.7796421051,1579557294.2,707,872,621,629,718,fist,
29.8042411804,1579557294.22,707,871,620,629,718,fist,
29.8248560429,1579557294.25,707,872,620,627,718,fist,
29.8493859768,1579557294.27,707,871,621,628,717,fist,
29.8739211559,1579557294.29,707,872,621,629,718,fist,
29.8946959972,1579557294.32,707,871,620,628,719,fist,
29.919178009,1579557294.34,706,872,620,626,718,fist,
29.9394140244,1579557294.36,707,871,621,626,716,fist,
29.9642891884,1579557294.38,707,871,621,628,717,fist,
29.9883921146,1579557294.41,706,871,621,628,718,fist,
30.0092141628,1579557294.43,705,871,620,626,718,fist,
30.0335350037,1579557294.45,706,870,622,627,717,fist,
30.0541810989,1579557294.47,705,871,621,628,717,fist,
30.0786671638,1579557294.5,704,871,621,627,716,fist,
30.1034359932,1579557294.52,704,871,622,626,715,fist,
30.1239349842,1579557294.54,703,871,621,626,714,fist,
30.1484861374,1579557294.57,704,871,622,627,714,fist,
30.1688029766,1579557294.59,703,871,621,627,714,fist,
30.1933419704,1579557294.61,702,871,621,625,712,fist,
30.2180321217,1579557294.64,702,872,621,625,713,fist,
30.2383401394,1579557294.66,702,871,621,625,714,fist,
30.263117075,1579557294.68,703,872,620,625,714,fist,
30.283864975,1579557294.7,703,873,620,624,715,fist,
30.3083400726,1579557294.73,703,872,621,624,714,fist,
30.3287751675,1579557294.75,704,872,620,624,715,fist,
30.3531990051,1579557294.77,704,872,620,623,715,fist,
30.3778610229,1579557294.8,704,872,620,621,715,fist,
30.3983170986,1579557294.82,704,872,621,623,715,fist,
30.4228320122,1579557294.84,704,872,619,623,716,fist,
30.4434809685,1579557294.86,705,871,620,622,715,fist,
30.4680120945,1579557294.89,704,873,619,621,716,fist,
30.4925751686,1579557294.91,705,873,619,620,716,fist,
30.5129101276,1579557294.93,705,873,619,622,716,fist,
30.5371990204,1579557294.96,705,873,618,621,716,fist,
30.5580711365,1579557294.98,705,874,618,620,715,fist,
30.5826191902,1579557295.0,705,874,619,620,716,fist,
30.6028051376,1579557295.02,705,873,620,621,716,fist,
30.6278910637,1579557295.05,705,874,619,620,715,fist,
30.6522381306,1579557295.07,704,874,619,619,716,fist,
30.6725289822,1579557295.09,704,874,620,620,716,fist,
30.6971399784,1579557295.12,704,873,619,621,716,fist,
30.7177560329,1579557295.14,703,873,619,620,715,fist,
30.7425160408,1579557295.16,704,873,619,619,715,fist,
30.7668011189,1579557295.19,704,875,619,621,715,fist,
30.7875380516,1579557295.21,704,875,620,621,716,fist,
30.8120660782,1579557295.23,702,875,619,620,714,fist,
30.8325870037,1579557295.25,703,875,619,620,715,fist,
30.8568861485,1579557295.28,703,876,619,620,714,fist,
30.8814651966,1579557295.3,702,876,619,621,713,fist,
30.9021131992,1579557295.32,701,876,619,620,713,fist,
30.9266619682,1579557295.35,701,877,619,620,712,fist,
30.9471039772,1579557295.37,701,877,618,621,713,fist,
30.9716291428,1579557295.39,701,876,619,621,712,fist,
30.992344141,1579557295.41,701,876,619,620,712,fist,
31.0166749954,1579557295.44,700,877,619,620,712,fist,
31.0410861969,1579557295.46,702,877,619,619,712,fist,
31.0617790222,1579557295.48,701,877,620,620,713,fist,
31.0864729881,1579557295.51,702,876,620,619,713,fist,
31.1066141129,1579557295.53,702,877,618,619,714,fist,
31.1315271854,1579557295.55,702,877,618,620,716,fist,
31.1560461521,1579557295.58,703,879,619,621,715,fist,
31.1766560078,1579557295.6,703,879,619,621,714,fist,
31.2008521557,1579557295.62,703,880,619,622,715,fist,
31.2214901447,1579557295.64,704,881,620,623,716,fist,
31.2458779812,1579557295.67,702,883,621,625,714,fist,
31.2704839706,1579557295.69,702,885,622,626,713,fist,
31.2912611961,1579557295.71,701,886,623,629,712,fist,
31.3158290386,1579557295.74,699,888,624,630,710,fist,
31.3360431194,1579557295.76,697,887,624,627,707,fist,
31.3605451584,1579557295.78,697,886,625,621,706,fist,
31.3812661171,1579557295.8,698,885,625,616,708,fist,
31.4058690071,1579557295.83,701,883,625,614,712,fist,
31.4304320812,1579557295.85,704,882,626,611,716,fist,
31.4510650635,1579557295.87,706,881,625,611,719,fist,
31.4755401611,1579557295.9,706,878,624,610,719,fist,
31.4961500168,1579557295.92,705,876,622,608,719,fist,
31.5202491283,1579557295.94,704,873,621,604,717,fist,
31.5448679924,1579557295.97,703,872,619,602,716,fist,
31.5655281544,1579557295.99,704,871,618,601,717,fist,
31.5902431011,1579557296.01,704,871,618,599,718,fist,
31.6104650497,1579557296.03,703,871,617,598,716,fist,
31.6353821754,1579557296.06,703,872,618,599,717,fist,
31.6597800255,1579557296.08,704,873,619,603,717,fist,
31.6800611019,1579557296.1,704,874,619,606,718,fist,
31.7045211792,1579557296.12,703,876,620,607,718,fist,
31.7253789902,1579557296.15,703,876,620,609,716,fist,
31.7498311996,1579557296.17,703,876,620,612,717,fist,
31.7702181339,1579557296.19,703,877,621,615,717,fist,
31.7950091362,1579557296.22,701,879,621,616,716,fist,
31.8195300102,1579557296.24,702,879,622,619,716,fist,
31.8401331902,1579557296.26,703,881,622,622,715,fist,
31.8642821312,1579557296.28,703,882,624,625,716,fist,
31.884884119,1579557296.31,702,883,624,627,715,fist,
31.9096460342,1579557296.33,702,884,625,627,715,fist,
31.9341471195,1579557296.35,702,885,625,630,715,fist,
31.9545919895,1579557296.37,703,885,626,632,716,fist,
31.9794020653,1579557296.4,702,885,626,631,715,fist,
31.9995570183,1579557296.42,702,886,626,632,714,fist,
32.0240430832,1579557296.44,702,886,627,633,714,fist,
32.0487840176,1579557296.47,702,886,626,634,715,fist,
32.0694701672,1579557296.49,702,886,626,633,716,fist,
32.0939049721,1579557296.51,702,887,627,634,714,fist,
32.1146011353,1579557296.53,702,886,626,635,715,fist,
32.139051199,1579557296.56,703,886,627,635,715,fist,
32.1597111225,1579557296.58,702,887,627,635,715,fist,
32.1839251518,1579557296.6,702,887,626,635,715,fist,
32.2087211609,1579557296.63,702,887,628,636,715,fist,
32.2289381027,1579557296.65,702,887,628,636,715,fist,
32.2534191608,1579557296.67,702,887,627,635,716,fist,
32.2741911411,1579557296.69,702,887,627,635,715,fist,
32.2988860607,1579557296.72,702,886,628,637,715,fist,
32.323321104,1579557296.74,702,887,627,637,715,fist,
32.3435649872,1579557296.76,702,887,627,637,714,fist,
32.36840415,1579557296.79,701,887,628,636,715,fist,
32.3886630535,1579557296.81,702,887,628,637,714,fist,
32.4133760929,1579557296.83,702,887,628,637,715,fist,
32.4376900196,1579557296.86,702,888,627,635,713,fist,
33.9426920414,1579557298.36,702,888,628,636,715,one,
33.9432799816,1579557298.36,702,888,628,637,715,one,
33.943582058,1579557298.36,702,887,628,638,715,one,
33.9437701702,1579557298.36,702,887,628,637,716,one,
33.943955183,1579557298.36,702,888,628,637,715,one,
33.9441401958,1579557298.36,702,888,628,637,715,one,
33.944368124,1579557298.36,702,887,629,638,714,one,
33.9445531368,1579557298.36,702,887,628,637,714,one,
33.9447360039,1579557298.37,702,888,628,636,715,one,
33.9449210167,1579557298.37,702,887,629,638,714,one,
33.9451031685,1579557298.37,701,887,628,638,715,one,
33.9452860355,1579557298.37,701,887,628,637,714,one,
33.9454810619,1579557298.37,702,888,628,637,714,one,
33.9456560612,1579557298.37,702,888,629,638,714,one,
33.9458329678,1579557298.37,701,887,628,638,715,one,
33.9460101128,1579557298.37,701,887,628,637,714,one,
33.9461860657,1579557298.37,702,888,628,638,714,one,
33.9463610649,1579557298.37,702,888,629,638,714,one,
33.9465351105,1579557298.37,701,888,629,638,713,one,
33.946709156,1579557298.37,701,888,628,638,713,one,
33.9468832016,1579557298.37,702,888,629,638,715,one,
33.9470591545,1579557298.37,702,888,629,638,715,one,
33.9472351074,1579557298.37,701,888,629,639,714,one,
33.9474101067,1579557298.37,701,888,629,639,714,one,
33.9475860596,1579557298.37,702,887,629,638,714,one,
33.9477620125,1579557298.37,702,889,629,639,714,one,
33.947936058,1579557298.37,701,889,630,639,714,one,
33.9481101036,1579557298.37,702,888,629,639,714,one,
33.9482941628,1579557298.37,702,888,629,640,715,one,
33.948469162,1579557298.37,702,889,629,640,715,one,
33.9486451149,1579557298.37,701,889,629,640,713,one,
33.9488210678,1579557298.37,702,889,630,640,713,one,
33.948996067,1579557298.37,702,889,629,641,715,one,
33.94917202,1579557298.37,702,890,630,641,714,one,
33.9493470192,1579557298.37,701,890,629,641,714,one,
33.9495210648,1579557298.37,701,890,630,641,715,one,
33.9496941566,1579557298.37,702,890,630,642,715,one,
33.9498682022,1579557298.37,702,890,629,642,715,one,
33.9500420094,1579557298.37,702,890,631,641,713,one,
33.9502170086,1579557298.37,702,890,630,641,713,one,
33.9503920078,1579557298.37,702,890,630,642,714,one,
33.9505650997,1579557298.37,702,890,630,642,715,one,
33.9507369995,1579557298.37,702,891,630,641,714,one,
33.9509100914,1579557298.37,702,891,631,642,713,one,
33.9510831833,1579557298.37,702,891,631,643,714,one,
33.9512569904,1579557298.37,702,891,630,643,715,one,
33.951431036,1579557298.37,701,891,631,641,713,one,
33.9516050816,1579557298.37,702,890,631,642,712,one,
33.9517781734,1579557298.37,702,890,631,643,714,one,
33.9519519806,1579557298.37,701,891,630,642,714,one,
33.9521260262,1579557298.37,700,890,630,642,714,one,
33.9523711205,1579557298.37,701,890,630,642,712,one,
33.9526240826,1579557298.37,702,890,631,643,713,one,
33.9528851509,1579557298.37,701,890,629,643,714,one,
33.9531431198,1579557298.37,701,890,630,641,713,one,
33.953412056,1579557298.37,701,890,630,642,712,one,
33.9536280632,1579557298.37,701,890,631,643,712,one,
33.9538071156,1579557298.37,702,891,630,643,713,one,
33.9540061951,1579557298.37,700,890,630,642,713,one,
33.9541761875,1579557298.37,701,890,631,641,712,one,
33.9543440342,1579557298.37,701,890,630,642,713,one,
33.954513073,1579557298.37,702,891,630,643,714,one,
33.9546821117,1579557298.37,701,891,631,641,713,one,
33.9548580647,1579557298.38,701,890,631,642,713,one,
33.9550261497,1579557298.38,701,890,630,643,712,one,
33.9551951885,1579557298.38,701,890,631,643,712,one,
33.9697771072,1579557298.39,700,891,630,642,712,one,
33.9943981171,1579557298.41,700,890,630,642,712,one,
34.0149312019,1579557298.44,701,890,631,643,712,one,
34.0394701958,1579557298.46,700,891,630,643,713,one,
34.0600221157,1579557298.48,700,891,630,642,713,one,
34.084592104,1579557298.5,699,890,631,642,712,one,
34.1049380302,1579557298.53,700,890,630,642,713,one,
34.1293489933,1579557298.55,701,891,629,642,712,one,
34.1538391113,1579557298.57,700,891,629,640,712,one,
34.1746270657,1579557298.59,700,891,629,641,712,one,
34.1989810467,1579557298.62,701,890,628,641,713,one,
34.2197511196,1579557298.64,700,890,628,638,713,one,
34.2443451881,1579557298.66,700,889,628,633,713,one,
34.2686450481,1579557298.69,701,889,628,629,713,one,
34.2893300056,1579557298.71,700,887,627,623,713,one,
34.3139121532,1579557298.73,701,888,625,617,713,one,
34.3343980312,1579557298.75,700,887,625,612,713,one,
34.3589789867,1579557298.78,700,886,625,609,712,one,
34.3831760883,1579557298.8,700,886,625,607,713,one,
34.4037241936,1579557298.82,700,885,625,604,712,one,
34.4285311699,1579557298.85,699,885,624,602,712,one,
34.4490480423,1579557298.87,700,885,624,601,712,one,
34.4733719826,1579557298.89,699,884,624,602,712,one,
34.4940121174,1579557298.91,698,884,623,601,712,one,
34.5187461376,1579557298.94,697,884,622,600,710,one,
34.5430099964,1579557298.96,697,883,622,600,709,one,
34.5637991428,1579557298.98,696,884,621,601,710,one,
34.5880351067,1579557299.01,696,883,622,600,709,one,
34.6086051464,1579557299.03,696,883,621,599,708,one,
34.6332831383,1579557299.05,697,883,622,598,709,one,
34.6578230858,1579557299.08,696,883,622,599,710,one,
34.6784281731,1579557299.1,697,882,621,598,710,one,
34.7030820847,1579557299.12,697,882,621,598,710,one,
34.7235741615,1579557299.14,697,883,621,598,710,one,
34.7481231689,1579557299.17,698,882,622,599,711,one,
34.7723300457,1579557299.19,696,882,621,598,711,one,
34.7927889824,1579557299.21,697,881,620,597,711,one,
34.8176350594,1579557299.24,696,882,621,598,711,one,
34.8382651806,1579557299.26,698,882,622,598,710,one,
34.8628120422,1579557299.28,697,882,621,599,711,one,
34.8834090233,1579557299.3,698,881,621,599,710,one,
34.907818079,1579557299.33,697,882,621,600,711,one,
34.9323191643,1579557299.35,698,882,622,600,711,one,
34.9525551796,1579557299.37,697,882,622,600,711,one,
34.9773261547,1579557299.4,698,882,621,601,711,one,
34.9977970123,1579557299.42,698,882,622,602,711,one,
35.0225391388,1579557299.44,698,882,622,602,710,one,
35.0471000671,1579557299.47,698,882,622,602,711,one,
35.0675330162,1579557299.49,698,882,623,603,711,one,
35.092138052,1579557299.51,698,883,622,603,711,one,
35.1126110554,1579557299.53,698,883,623,604,711,one,
35.1369299889,1579557299.56,698,883,623,604,710,one,
35.1616420746,1579557299.58,698,883,622,604,711,one,
35.1822290421,1579557299.6,698,883,624,606,712,one,
35.2068331242,1579557299.63,698,883,623,606,712,one,
35.2274479866,1579557299.65,698,883,623,606,711,one,
35.2520020008,1579557299.67,699,883,623,606,711,one,
35.2720930576,1579557299.69,698,884,624,608,712,one,
35.296598196,1579557299.72,699,883,624,607,711,one,
35.3213970661,1579557299.74,698,883,623,606,711,one,
35.3419160843,1579557299.76,699,883,623,607,712,one,
35.3664991856,1579557299.79,699,884,623,608,712,one,
35.3870441914,1579557299.81,698,884,624,607,711,one,
35.4116361141,1579557299.83,699,883,623,607,711,one,
35.4358201027,1579557299.86,700,884,624,608,711,one,
35.4564211369,1579557299.88,699,885,624,609,711,one,
35.4809770584,1579557299.9,700,883,625,608,713,one,
35.5017840862,1579557299.92,699,884,624,608,712,one,
35.5262811184,1579557299.95,700,884,624,608,714,one,
35.5503911972,1579557299.97,702,884,625,609,715,one,
35.5712921619,1579557299.99,700,885,625,608,714,one,
35.5954060555,1579557300.02,700,884,625,607,712,one,
35.6159369946,1579557300.04,701,885,624,607,713,one,
35.6404201984,1579557300.06,702,885,625,609,715,one,
35.661055088,1579557300.08,701,886,626,608,713,one,
35.6856720448,1579557300.11,701,884,625,607,713,one,
35.7102770805,1579557300.13,701,884,625,608,714,one,
35.7310490608,1579557300.15,702,885,625,608,715,one,
35.7553601265,1579557300.18,701,885,625,607,714,one,
35.7758309841,1579557300.2,700,884,625,606,714,one,
35.8004250526,1579557300.22,701,885,625,607,714,one,
35.825083971,1579557300.25,701,884,624,606,714,one,
35.845705986,1579557300.27,701,884,624,605,714,one,
35.8703131676,1579557300.29,700,884,625,603,713,one,
35.8908350468,1579557300.31,701,884,624,604,713,one,
35.9154350758,1579557300.34,702,884,624,604,715,one,
35.9398519993,1579557300.36,701,884,624,602,714,one,
35.9601631165,1579557300.38,701,884,624,601,713,one,
35.9847080708,1579557300.41,701,884,624,602,714,one,
36.0055119991,1579557300.43,701,883,624,602,714,one,
36.0300040245,1579557300.45,700,884,624,601,714,one,
36.0505700111,1579557300.47,700,884,624,601,713,one,
36.0751001835,1579557300.5,700,883,624,602,713,one,
36.0995821953,1579557300.52,701,884,624,603,714,one,
36.1199111938,1579557300.54,700,884,624,601,713,one,
36.144796133,1579557300.57,700,884,625,601,712,one,
36.1650061607,1579557300.59,700,883,625,603,713,one,
36.1898369789,1579557300.61,700,884,624,603,714,one,
36.2140929699,1579557300.63,700,884,623,603,714,one,
36.234817028,1579557300.66,700,884,625,602,712,one,
36.2593920231,1579557300.68,700,883,624,603,713,one,
36.279708147,1579557300.7,700,883,624,604,713,one,
36.3042480946,1579557300.72,699,884,624,603,712,one,
36.3287069798,1579557300.75,699,885,624,602,711,one,
36.3495540619,1579557300.77,699,884,624,604,712,one,
36.3738000393,1579557300.79,699,884,624,604,711,one,
36.3943791389,1579557300.81,698,884,623,603,711,one,
36.4191241264,1579557300.84,699,883,624,602,711,one,
36.4396131039,1579557300.86,698,884,624,603,709,one,
36.4641389847,1579557300.88,699,884,624,604,711,one,
36.4886391163,1579557300.91,699,884,624,602,711,one,
36.5092701912,1579557300.93,698,884,624,601,710,one,
36.533657074,1579557300.95,700,884,624,603,711,one,
36.5542821884,1579557300.97,700,884,624,603,711,one,
36.5789191723,1579557301.0,699,885,624,602,711,one,
36.6031219959,1579557301.02,699,885,624,602,711,one,
36.6236140728,1579557301.04,700,884,625,603,712,one,
36.6485600471,1579557301.07,700,884,624,604,712,one,
36.6687350273,1579557301.09,699,885,624,603,712,one,
36.6934499741,1579557301.11,699,884,624,603,712,one,
36.7180891037,1579557301.14,699,884,625,603,711,one,
36.7385840416,1579557301.16,700,884,624,604,711,one,
36.7632291317,1579557301.18,699,884,624,603,712,one,
36.783424139,1579557301.2,699,884,623,603,711,one,
36.8083930016,1579557301.23,698,884,624,604,711,one,
36.8288199902,1579557301.25,698,884,624,604,710,one,
36.8531620502,1579557301.27,699,885,624,603,711,one,
36.8775110245,1579557301.3,698,885,624,603,710,one,
36.8983120918,1579557301.32,698,884,625,604,710,one,
36.9228560925,1579557301.34,698,884,624,604,710,one,
36.9430999756,1579557301.36,698,884,624,604,709,one,
36.9677610397,1579557301.39,698,884,624,604,710,one,
36.992552042,1579557301.41,698,884,624,605,710,one,
37.012761116,1579557301.43,698,884,624,605,710,one,
37.0372860432,1579557301.46,698,884,624,604,710,one,
37.058204174,1579557301.48,698,885,623,604,710,one,
37.082624197,1579557301.5,698,884,625,605,711,one,
37.1071531773,1579557301.53,698,884,623,604,710,one,
37.1273641586,1579557301.55,698,884,623,604,711,one,
37.1523211002,1579557301.57,699,884,624,605,710,one,
37.1727499962,1579557301.59,699,885,624,605,711,one,
37.1970829964,1579557301.62,698,884,624,605,710,one,
37.2178859711,1579557301.64,699,884,623,604,711,one,
37.2424461842,1579557301.66,698,884,623,604,710,one,
37.26673913,1579557301.69,698,884,624,605,711,one,
37.287184,1579557301.71,698,883,624,605,710,one,
37.3117530346,1579557301.73,698,883,623,603,710,one,
37.3325150013,1579557301.75,698,885,623,605,711,one,
37.3568320274,1579557301.78,699,884,624,605,710,one,
37.3814661503,1579557301.8,698,884,625,605,710,one,
37.4021501541,1579557301.82,698,884,623,604,711,one,
37.4266731739,1579557301.85,699,884,623,605,710,one,
37.4473080635,1579557301.87,699,884,624,606,710,one,
37.471724987,1579557301.89,699,884,624,606,710,one,
37.4963371754,1579557301.92,698,884,623,605,711,one,
37.5167770386,1579557301.94,699,884,624,605,711,one,
37.5411570072,1579557301.96,699,884,624,606,711,one,
37.5618190765,1579557301.98,699,884,624,605,710,one,
37.5864801407,1579557302.01,698,884,624,605,711,one,
37.6066319942,1579557302.03,698,884,624,605,711,one,
37.6311810017,1579557302.05,699,884,624,606,712,one,
37.6560451984,1579557302.08,699,883,623,604,711,one,
37.6766140461,1579557302.1,699,883,623,605,711,one,
37.700813055,1579557302.12,699,883,624,610,712,one,
37.7214100361,1579557302.14,700,884,625,618,712,one,
37.7461781502,1579557302.17,700,885,626,624,712,one,
37.7704410553,1579557302.19,701,886,628,629,711,one,
37.7909040451,1579557302.21,700,888,628,634,712,one,
37.8155930042,1579557302.24,700,888,630,638,712,one,
37.8363940716,1579557302.26,700,888,630,639,712,one,
37.8607590199,1579557302.28,701,890,630,641,712,one,
37.8852670193,1579557302.31,701,890,631,643,714,one,
37.9059491158,1579557302.33,701,890,632,644,713,one,
37.9304080009,1579557302.35,700,889,632,643,712,one,
37.9510300159,1579557302.37,701,890,632,644,712,one,
37.9752950668,1579557302.4,700,891,633,645,712,one,
37.9961380959,1579557302.42,699,892,634,645,712,one,
38.0203871727,1579557302.44,700,892,634,644,711,one,
38.0450410843,1579557302.47,701,892,634,644,711,one,
38.0655519962,1579557302.49,700,893,634,645,712,one,
38.0902051926,1579557302.51,699,893,635,645,711,one,
38.1108319759,1579557302.53,699,892,634,643,710,one,
38.134925127,1579557302.56,699,892,634,644,711,one,
38.159842968,1579557302.58,699,893,634,644,711,one,
38.1804850101,1579557302.6,699,893,635,644,710,one,
38.2046430111,1579557302.62,698,891,635,643,710,one,
38.2253880501,1579557302.65,698,892,634,643,710,one,
38.2498781681,1579557302.67,699,893,634,645,711,one,
38.274490118,1579557302.69,699,893,634,643,710,one,
38.2947900295,1579557302.72,698,892,635,642,710,one,
38.319715023,1579557302.74,699,892,634,643,710,one,
38.340154171,1579557302.76,700,892,634,643,711,one,
38.3646860123,1579557302.78,699,893,635,643,709,one,
38.3849930763,1579557302.81,699,892,636,643,710,one,
38.4096341133,1579557302.83,699,892,634,643,710,one,
38.4341540337,1579557302.85,699,892,635,644,711,one,
38.4546861649,1579557302.87,700,893,635,643,711,one,
38.4791431427,1579557302.9,699,893,635,643,709,one,
38.4999601841,1579557302.92,699,892,636,644,710,one,
38.5244700909,1579557302.94,699,893,634,645,711,one,
38.5485510826,1579557302.97,699,892,635,643,709,one,
38.5693922043,1579557302.99,698,892,635,644,709,one,
38.5939409733,1579557303.01,699,892,635,644,710,one,
38.6142241955,1579557303.03,698,893,635,645,710,one,
38.6387891769,1579557303.06,698,893,635,643,710,one,
38.663310051,1579557303.08,698,893,634,643,708,one,
38.684128046,1579557303.1,698,892,635,644,707,one,
38.7083690166,1579557303.13,698,892,635,645,710,one,
38.7289969921,1579557303.15,697,892,635,643,709,one,
38.7534890175,1579557303.17,697,892,635,642,708,one,
38.7743120193,1579557303.19,698,892,635,643,707,one,
38.7986121178,1579557303.22,698,893,635,645,709,one,
38.8234021664,1579557303.24,697,893,634,643,707,one,
38.8439500332,1579557303.26,697,892,635,643,708,one,
38.8681490421,1579557303.29,698,893,635,644,708,one,
38.8888101578,1579557303.31,698,893,635,644,709,one,
38.9134550095,1579557303.33,697,893,635,643,708,one,
38.9380431175,1579557303.36,697,892,635,643,708,one,
38.9582231045,1579557303.38,699,893,635,645,709,one,
