delta Time, Unix Time, pr1, pr2, pr3, pr4, pr5, label
0.786688089371,1580261775.18,416,862,496,648,240,extend,
0.787213087082,1580261775.18,415,861,495,647,238,extend,
0.787770986557,1580261775.18,415,859,495,646,237,extend,
0.788326978683,1580261775.18,416,859,494,646,238,extend,
0.788798093796,1580261775.18,415,858,495,646,237,extend,
0.78960108757,1580261775.18,416,862,496,648,240,extend,
0.790118932724,1580261775.18,415,861,495,647,238,extend,
0.790590047836,1580261775.18,415,859,495,646,237,extend,
0.791053056717,1580261775.18,416,859,494,646,238,extend,
0.791515111923,1580261775.18,415,858,495,646,237,extend,
0.79234790802,1580261775.18,416,862,496,648,240,extend,
0.792818069458,1580261775.18,415,861,495,647,238,extend,
0.793283939362,1580261775.18,415,859,495,646,237,extend,
0.793790102005,1580261775.18,416,859,494,646,238,extend,
0.79426407814,1580261775.18,415,858,495,646,237,extend,
1.64787507057,1580261776.04,419,838,401,448,212,extend,
1.67210912704,1580261776.06,418,836,401,449,212,extend,
1.69698095322,1580261776.09,419,836,402,450,213,extend,
1.71713399887,1580261776.11,419,838,399,446,213,extend,
1.74188494682,1580261776.13,419,836,399,443,214,extend,
1.76235413551,1580261776.15,418,836,398,439,212,extend,
1.7868449688,1580261776.18,418,834,397,435,212,extend,
1.81141805649,1580261776.2,420,834,394,434,212,extend,
1.83240008354,1580261776.22,420,833,394,432,212,extend,
1.85682702065,1580261776.25,420,833,394,428,210,extend,
1.87697291374,1580261776.27,420,832,393,426,208,extend,
1.90157008171,1580261776.29,419,832,393,426,210,extend,
1.92208194733,1580261776.31,421,831,394,426,212,extend,
1.94691705704,1580261776.34,417,831,394,422,209,extend,
1.97137713432,1580261776.36,418,829,393,420,209,extend,
1.99200201035,1580261776.38,421,830,394,422,210,extend,
2.01661896706,1580261776.41,420,830,395,423,211,extend,
2.03680801392,1580261776.43,419,829,397,420,209,extend,
2.06155490875,1580261776.45,420,830,396,422,208,extend,
2.08588409424,1580261776.48,421,829,395,422,211,extend,
2.10642313957,1580261776.5,421,829,396,424,210,extend,
2.13103294373,1580261776.52,420,828,396,423,208,extend,
2.1513440609,1580261776.54,419,829,397,421,207,extend,
2.17627501488,1580261776.57,421,829,396,423,211,extend,
2.20059299469,1580261776.59,421,829,396,424,211,extend,
2.22111296654,1580261776.61,420,830,394,422,210,extend,
2.2456099987,1580261776.64,420,829,396,419,208,extend,
2.26659297943,1580261776.66,420,829,395,421,211,extend,
2.29091501236,1580261776.68,421,832,394,422,210,extend,
2.31127691269,1580261776.7,421,832,395,417,209,extend,
2.33585596085,1580261776.73,420,833,395,418,209,extend,
2.3605890274,1580261776.75,421,833,394,421,211,extend,
2.3809530735,1580261776.77,421,833,395,421,212,extend,
2.40545701981,1580261776.8,420,832,395,421,208,extend,
2.42631006241,1580261776.82,421,832,395,421,209,extend,
2.45051407814,1580261776.84,421,832,395,422,211,extend,
2.47489213943,1580261776.86,422,832,396,423,211,extend,
2.49587512016,1580261776.89,420,832,394,423,208,extend,
2.52012205124,1580261776.91,421,831,396,421,211,extend,
2.54066491127,1580261776.93,422,832,396,426,212,extend,
2.56556296349,1580261776.96,422,831,397,425,212,extend,
2.58969807625,1580261776.98,420,830,395,425,210,extend,
2.61033701897,1580261777.0,421,831,397,425,209,extend,
2.63472700119,1580261777.02,422,832,397,427,211,extend,
2.65543103218,1580261777.05,422,831,397,428,212,extend,
2.67991709709,1580261777.07,419,832,396,426,210,extend,
2.70047807693,1580261777.09,421,831,396,428,211,extend,
2.72533607483,1580261777.12,422,832,399,428,213,extend,
2.74987101555,1580261777.14,421,832,398,429,213,extend,
2.77009510994,1580261777.16,420,830,396,426,209,extend,
2.79471707344,1580261777.18,421,830,399,428,212,extend,
2.81546497345,1580261777.21,422,832,399,429,213,extend,
2.83966207504,1580261777.23,422,831,398,431,212,extend,
2.86430907249,1580261777.25,421,831,400,428,211,extend,
2.88477396965,1580261777.27,420,831,398,431,210,extend,
2.90925312042,1580261777.3,423,830,400,432,214,extend,
2.93012809753,1580261777.32,423,831,399,434,213,extend,
2.95456695557,1580261777.34,421,830,401,432,211,extend,
2.97890305519,1580261777.37,422,831,402,434,213,extend,
2.99979901314,1580261777.39,422,830,402,438,213,extend,
3.02415108681,1580261777.41,422,831,401,437,212,extend,
3.04450106621,1580261777.43,422,830,404,430,212,extend,
3.06906414032,1580261777.46,421,830,399,437,212,extend,
3.089646101,1580261777.48,421,831,401,440,216,extend,
3.1145401001,1580261777.5,421,831,401,439,214,extend,
3.13862109184,1580261777.53,422,831,407,439,213,extend,
3.15946507454,1580261777.55,424,831,405,442,212,extend,
3.18375611305,1580261777.57,420,830,404,443,214,extend,
3.20436310768,1580261777.59,421,829,405,445,215,extend,
3.22913694382,1580261777.62,421,828,406,448,209,extend,
3.25335597992,1580261777.64,421,828,406,445,214,extend,
3.27408099174,1580261777.66,423,828,409,444,218,extend,
3.29869413376,1580261777.69,417,827,410,444,217,extend,
3.31904697418,1580261777.71,420,828,410,455,211,extend,
3.34349894524,1580261777.73,424,827,410,449,211,extend,
3.36831498146,1580261777.76,421,825,410,451,216,extend,
3.38894701004,1580261777.78,418,823,411,452,216,extend,
3.41322612762,1580261777.8,421,823,415,448,212,extend,
3.43394112587,1580261777.82,419,822,410,448,214,extend,
3.45818805695,1580261777.85,421,824,412,451,217,extend,
3.47857809067,1580261777.87,418,820,413,461,212,extend,
3.50321602821,1580261777.89,421,819,412,457,214,extend,
3.52774095535,1580261777.92,421,822,413,448,214,extend,
3.54847002029,1580261777.94,418,822,410,455,213,extend,
3.57283711433,1580261777.96,416,822,413,454,215,extend,
3.59388899803,1580261777.98,419,822,409,457,209,extend,
3.61811304092,1580261778.01,419,822,411,453,212,extend,
3.64257097244,1580261778.03,420,823,411,455,213,extend,
3.66341304779,1580261778.05,417,821,409,451,212,extend,
3.68757796288,1580261778.08,415,824,411,440,213,extend,
3.7082490921,1580261778.1,418,823,414,452,214,extend,
3.7332201004,1580261778.12,419,822,407,451,212,extend,
3.7575609684,1580261778.15,421,824,412,441,212,extend,
3.77801609039,1580261778.17,417,820,411,447,210,extend,
3.80230903625,1580261778.19,419,823,407,441,210,extend,
3.82313895226,1580261778.21,419,825,408,436,211,extend,
3.8476600647,1580261778.24,419,825,405,443,205,extend,
3.86797714233,1580261778.26,420,825,409,437,205,extend,
3.89258408546,1580261778.28,420,827,409,448,212,extend,
3.91703104973,1580261778.31,420,825,408,445,210,extend,
3.93778014183,1580261778.33,418,824,408,444,209,extend,
3.96213912964,1580261778.35,421,829,408,441,209,extend,
3.98269295692,1580261778.37,419,826,407,442,210,extend,
4.00968503952,1580261778.4,420,826,408,445,209,extend,
4.03189396858,1580261778.42,420,828,412,440,211,extend,
4.05231404305,1580261778.44,421,827,408,443,209,extend,
4.07678413391,1580261778.47,420,827,406,446,211,extend,
4.09750294685,1580261778.49,419,827,410,440,212,extend,
4.12190508842,1580261778.51,415,828,409,446,212,extend,
4.14673709869,1580261778.54,419,824,405,439,207,extend,
4.1669781208,1580261778.56,420,828,410,441,211,extend,
4.19156098366,1580261778.58,420,828,408,440,211,extend,
4.21233105659,1580261778.6,419,827,411,453,207,extend,
4.23662900925,1580261778.63,418,828,409,448,209,extend,
4.25730609894,1580261778.65,420,826,411,448,213,extend,
4.28221893311,1580261778.67,420,828,409,448,211,extend,
4.30611109734,1580261778.7,421,828,411,447,211,extend,
4.32698607445,1580261778.72,420,828,409,448,210,extend,
4.35136508942,1580261778.74,420,829,411,446,211,extend,
4.37176704407,1580261778.76,420,828,409,448,212,extend,
4.39673304558,1580261778.79,416,828,412,436,211,extend,
4.42085194588,1580261778.81,415,827,411,450,212,extend,
4.44145011902,1580261778.83,420,827,408,450,213,extend,
4.46595692635,1580261778.86,419,828,410,446,212,extend,
4.48659801483,1580261778.88,418,828,409,451,210,extend,
4.51111412048,1580261778.9,419,827,413,450,210,extend,
4.53551602364,1580261778.93,421,830,407,454,213,extend,
4.55611205101,1580261778.95,419,829,406,455,213,extend,
4.58097505569,1580261778.97,419,829,415,469,207,extend,
4.6016061306,1580261778.99,416,834,420,480,215,extend,
4.62587094307,1580261779.02,416,839,431,511,211,extend,
4.64639210701,1580261779.04,415,843,439,535,213,extend,
4.67094993591,1580261779.06,415,847,448,557,212,extend,
4.69540691376,1580261779.09,412,851,454,580,212,extend,
4.71600413322,1580261779.11,412,854,461,593,214,extend,
4.74044108391,1580261779.13,411,855,468,606,217,extend,
4.76151514053,1580261779.15,415,857,474,616,213,extend,
4.78558301926,1580261779.18,414,861,478,621,216,extend,
4.81015491486,1580261779.2,417,861,481,625,215,extend,
4.83069109917,1580261779.22,415,861,482,630,217,extend,
4.85526990891,1580261779.25,414,864,485,631,217,extend,
4.87564206123,1580261779.27,413,864,490,633,216,extend,
4.90024709702,1580261779.29,415,864,490,635,218,extend,
4.92510604858,1580261779.32,416,866,493,636,218,extend,
4.94529795647,1580261779.34,413,864,494,638,217,extend,
4.96984004974,1580261779.36,413,864,496,634,218,extend,
4.99046897888,1580261779.38,413,867,498,637,219,extend,
5.01509213448,1580261779.41,412,862,498,638,218,extend,
5.03551697731,1580261779.43,412,865,499,637,215,extend,
5.06033706665,1580261779.45,410,866,500,636,220,extend,
5.08457803726,1580261779.47,412,865,501,639,219,extend,
5.10510897636,1580261779.5,412,865,502,641,217,extend,
5.12994813919,1580261779.52,412,865,497,639,217,extend,
5.15027403831,1580261779.54,411,865,502,639,218,extend,
5.17482995987,1580261779.56,412,866,500,641,221,extend,
5.19929599762,1580261779.59,409,867,504,637,219,extend,
5.21986198425,1580261779.61,410,866,504,640,218,extend,
5.2443959713,1580261779.63,414,867,503,640,217,extend,
5.26484894753,1580261779.65,411,866,503,641,219,extend,
5.28950691223,1580261779.68,412,864,503,640,218,extend,
5.31394100189,1580261779.7,412,866,503,642,217,extend,
5.33468413353,1580261779.72,410,865,502,640,217,extend,
5.35909795761,1580261779.75,411,866,504,642,220,extend,
5.38001704216,1580261779.77,407,866,505,636,218,extend,
5.40403604507,1580261779.79,407,867,503,642,216,extend,
5.4249560833,1580261779.82,412,867,505,642,220,extend,
5.44918608665,1580261779.84,411,866,504,641,220,extend,
5.47367095947,1580261779.86,410,867,503,640,217,extend,
5.49434494972,1580261779.88,409,865,504,640,217,extend,
5.51875209808,1580261779.91,410,866,503,641,218,extend,
5.53936696053,1580261779.93,409,866,503,641,218,extend,
5.56415104866,1580261779.95,409,867,506,641,219,extend,
5.58854413033,1580261779.98,408,865,502,641,218,extend,
5.60891294479,1580261780.0,411,867,506,642,221,extend,
5.63353490829,1580261780.02,411,867,505,642,219,extend,
5.65401291847,1580261780.04,410,868,505,642,218,extend,
5.67882394791,1580261780.07,412,865,505,641,217,extend,
5.70316696167,1580261780.09,410,866,503,641,217,extend,
5.72409892082,1580261780.11,409,866,502,642,219,extend,
5.74854803085,1580261780.14,409,866,502,642,215,extend,
5.76873993874,1580261780.16,409,867,500,640,219,extend,
5.79366111755,1580261780.18,410,866,505,643,219,extend,
7.1917450428,1580261781.58,410,866,505,642,218,fist,
7.19227099419,1580261781.58,408,865,504,642,217,fist,
7.19274306297,1580261781.58,411,867,506,641,217,fist,
7.19320702553,1580261781.58,409,867,504,641,217,fist,
7.19367098808,1580261781.58,409,866,502,642,219,fist,
7.19421100616,1580261781.58,410,863,504,640,217,fist,
7.19467806816,1580261781.58,406,865,500,637,214,fist,
7.1951379776,1580261781.59,410,866,504,641,219,fist,
7.19560003281,1580261781.59,410,867,502,642,218,fist,
7.19606399536,1580261781.59,409,866,503,641,213,fist,
7.19652509689,1580261781.59,412,867,507,643,219,fist,
7.19698905945,1580261781.59,408,867,502,643,217,fist,
7.19744801521,1580261781.59,408,866,505,640,218,fist,
7.19792795181,1580261781.59,410,863,503,642,216,fist,
7.19841599464,1580261781.59,408,864,502,641,215,fist,
7.19887804985,1580261781.59,410,864,503,641,218,fist,
7.19945693016,1580261781.59,409,866,504,640,217,fist,
7.20022106171,1580261781.59,408,866,499,641,216,fist,
7.2007291317,1580261781.59,408,863,501,640,216,fist,
7.20121598244,1580261781.59,409,865,502,641,218,fist,
7.20169711113,1580261781.59,408,865,503,639,217,fist,
7.20222592354,1580261781.59,410,866,503,638,214,fist,
7.2027349472,1580261781.59,409,867,501,640,216,fist,
7.20342803001,1580261781.59,410,866,504,641,218,fist,
7.20393800735,1580261781.59,409,866,501,642,218,fist,
7.20452713966,1580261781.59,404,866,506,638,216,fist,
7.20505595207,1580261781.6,408,865,501,638,214,fist,
7.20556497574,1580261781.6,409,866,502,642,218,fist,
7.20640897751,1580261781.6,408,866,504,642,214,fist,
7.20690798759,1580261781.6,408,865,504,642,214,fist,
7.20736193657,1580261781.6,408,866,503,641,215,fist,
7.20781898499,1580261781.6,410,867,503,642,218,fist,
7.20830607414,1580261781.6,408,866,503,643,214,fist,
7.20877504349,1580261781.6,407,865,503,640,217,fist,
7.20924210548,1580261781.6,408,865,503,644,214,fist,
7.20972895622,1580261781.6,409,866,502,642,217,fist,
7.21020698547,1580261781.6,408,867,503,643,217,fist,
7.21069812775,1580261781.6,406,868,500,642,215,fist,
7.21116805077,1580261781.6,408,867,504,642,216,fist,
7.21163702011,1580261781.6,409,867,504,644,218,fist,
7.21210408211,1580261781.6,410,868,502,643,219,fist,
7.21257400513,1580261781.6,408,867,506,639,215,fist,
7.2130420208,1580261781.6,410,869,504,642,217,fist,
7.21351099014,1580261781.6,408,867,504,642,218,fist,
7.21399712563,1580261781.6,408,867,506,641,218,fist,
7.21446704865,1580261781.6,410,867,505,639,216,fist,
7.21495509148,1580261781.61,409,867,503,641,217,fist,
7.21542692184,1580261781.61,410,867,502,644,220,fist,
7.21599602699,1580261781.61,408,867,505,641,219,fist,
7.21662807465,1580261781.61,409,867,504,642,215,fist,
7.21712207794,1580261781.61,411,867,507,645,220,fist,
7.21759295464,1580261781.61,411,868,503,644,221,fist,
7.21808314323,1580261781.61,411,869,503,643,217,fist,
7.21855092049,1580261781.61,410,869,504,641,219,fist,
7.21903800964,1580261781.61,410,868,501,640,220,fist,
7.21950507164,1580261781.61,410,868,504,640,221,fist,
7.21997094154,1580261781.61,409,868,504,639,220,fist,
7.22047901154,1580261781.61,408,867,505,637,217,fist,
7.22096800804,1580261781.61,409,868,504,638,221,fist,
7.22148013115,1580261781.61,409,869,507,637,221,fist,
7.22197198868,1580261781.61,409,868,507,638,220,fist,
7.22242093086,1580261781.61,407,865,507,636,219,fist,
7.23518395424,1580261781.63,410,868,504,638,220,fist,
7.25980091095,1580261781.65,410,868,505,640,221,fist,
7.28033208847,1580261781.67,409,867,505,641,221,fist,
7.30480599403,1580261781.69,410,866,502,642,219,fist,
7.32555508614,1580261781.72,413,867,503,640,220,fist,
7.35015511513,1580261781.74,413,868,497,638,218,fist,
7.37051510811,1580261781.76,413,868,490,634,216,fist,
7.39522504807,1580261781.79,414,870,479,630,215,fist,
7.41960310936,1580261781.81,415,869,468,624,216,fist,
7.44009304047,1580261781.83,417,869,462,617,215,fist,
7.46451711655,1580261781.85,418,869,455,610,214,fist,
7.48507499695,1580261781.88,415,870,456,605,211,fist,
7.50987195969,1580261781.9,416,869,458,601,212,fist,
7.53412294388,1580261781.92,416,870,460,600,213,fist,
7.55474805832,1580261781.94,417,870,457,599,209,fist,
7.57928800583,1580261781.97,416,869,457,593,210,fist,
7.59988903999,1580261781.99,415,869,450,593,209,fist,
7.62443900108,1580261782.01,415,866,449,588,210,fist,
7.64920496941,1580261782.04,416,862,450,588,206,fist,
7.66952705383,1580261782.06,417,859,455,590,209,fist,
7.69398999214,1580261782.08,415,854,456,595,211,fist,
7.71453094482,1580261782.1,416,848,460,595,211,fist,
7.73903203011,1580261782.13,412,845,461,596,210,fist,
7.75996398926,1580261782.15,417,840,467,598,209,fist,
7.78406310081,1580261782.17,415,839,465,600,211,fist,
7.80899095535,1580261782.2,415,838,463,601,214,fist,
7.8292620182,1580261782.22,416,838,467,600,212,fist,
7.85383296013,1580261782.24,418,837,465,597,214,fist,
7.87448501587,1580261782.26,419,839,467,600,213,fist,
7.89892792702,1580261782.29,418,839,468,599,212,fist,
7.92365503311,1580261782.31,413,838,468,599,213,fist,
7.94407010078,1580261782.33,419,838,470,600,210,fist,
7.96855592728,1580261782.36,417,839,470,600,212,fist,
7.98937702179,1580261782.38,417,837,472,603,210,fist,
8.01407003403,1580261782.4,413,839,474,602,212,fist,
8.03811502457,1580261782.43,416,839,474,601,209,fist,
8.05895209312,1580261782.45,416,840,477,603,211,fist,
8.08321213722,1580261782.47,416,839,478,604,211,fist,
8.1038711071,1580261782.49,415,839,476,604,206,fist,
8.12872004509,1580261782.52,417,841,478,604,208,fist,
8.1492960453,1580261782.54,416,836,480,603,207,fist,
8.17355108261,1580261782.56,417,838,480,602,208,fist,
8.19790506363,1580261782.59,413,837,480,605,208,fist,
8.21846604347,1580261782.61,416,839,480,605,208,fist,
8.24303102493,1580261782.63,415,837,481,606,209,fist,
8.26395511627,1580261782.65,415,837,483,606,208,fist,
8.28814911842,1580261782.68,415,839,485,600,207,fist,
8.31255292892,1580261782.7,414,839,486,602,208,fist,
8.33331012726,1580261782.72,415,839,483,602,207,fist,
8.35765004158,1580261782.75,415,839,481,603,208,fist,
8.37826013565,1580261782.77,416,839,481,601,206,fist,
8.40262293816,1580261782.79,414,839,478,605,206,fist,
8.42730402946,1580261782.82,415,839,478,606,206,fist,
8.44806694984,1580261782.84,415,838,482,605,207,fist,
8.47237491608,1580261782.86,414,840,483,603,206,fist,
8.49290299416,1580261782.88,414,839,483,604,207,fist,
8.51728892326,1580261782.91,414,839,482,607,206,fist,
8.53782701492,1580261782.93,414,840,483,608,208,fist,
8.56259202957,1580261782.95,413,840,483,607,207,fist,
8.58692193031,1580261782.98,413,838,483,605,206,fist,
8.60761904716,1580261783.0,414,837,483,608,208,fist,
8.63201093674,1580261783.02,411,838,480,607,207,fist,
8.65256404877,1580261783.04,414,840,484,603,206,fist,
8.67731499672,1580261783.07,414,837,484,607,208,fist,
8.70163106918,1580261783.09,415,840,482,608,208,fist,
8.72214412689,1580261783.11,412,841,483,610,206,fist,
8.74670910835,1580261783.14,414,839,484,607,204,fist,
8.76745605469,1580261783.16,413,839,482,607,205,fist,
8.7918009758,1580261783.18,413,840,484,610,207,fist,
8.81640100479,1580261783.21,414,837,484,609,207,fist,
8.83692002296,1580261783.23,413,840,480,610,206,fist,
8.86162900925,1580261783.25,412,840,485,609,210,fist,
8.882365942,1580261783.27,415,838,484,610,208,fist,
8.90661811829,1580261783.3,413,840,483,608,207,fist,
8.92734599113,1580261783.32,414,839,481,608,207,fist,
8.95195698738,1580261783.34,412,838,483,606,208,fist,
8.97628211975,1580261783.37,414,840,483,608,209,fist,
8.99676895142,1580261783.39,414,839,484,604,210,fist,
9.02141714096,1580261783.41,409,837,486,601,206,fist,
9.04207205772,1580261783.43,415,835,485,604,211,fist,
9.06638407707,1580261783.46,416,837,482,604,206,fist,
9.09089493752,1580261783.48,411,839,481,602,208,fist,
9.11155509949,1580261783.5,416,839,485,605,209,fist,
9.13598203659,1580261783.53,414,839,482,605,208,fist,
9.15668201447,1580261783.55,412,838,485,607,211,fist,
9.18110108376,1580261783.57,414,839,485,607,208,fist,
9.2056851387,1580261783.6,415,840,486,608,208,fist,
9.22620892525,1580261783.62,414,836,485,613,210,fist,
9.25086212158,1580261783.64,413,838,483,610,209,fist,
9.27123403549,1580261783.66,415,835,486,610,206,fist,
9.29605603218,1580261783.69,414,837,485,605,209,fist,
9.31676006317,1580261783.71,412,836,484,609,207,fist,
9.3410949707,1580261783.73,414,835,486,610,209,fist,
9.3656039238,1580261783.76,413,837,485,607,208,fist,
9.38636112213,1580261783.78,414,837,485,609,210,fist,
9.41063714027,1580261783.8,415,837,484,613,210,fist,
9.43117904663,1580261783.82,414,837,485,612,210,fist,
9.45571899414,1580261783.85,413,837,484,611,211,fist,
9.48042011261,1580261783.87,417,835,486,611,209,fist,
9.50065493584,1580261783.89,413,836,483,611,209,fist,
9.52532911301,1580261783.92,414,834,485,609,210,fist,
9.54590392113,1580261783.94,413,835,486,611,209,fist,
9.57022595406,1580261783.96,413,834,484,606,210,fist,
9.5948381424,1580261783.98,413,837,483,610,211,fist,
9.61544108391,1580261784.01,415,838,486,609,210,fist,
9.64000296593,1580261784.03,416,837,486,604,209,fist,
9.66058111191,1580261784.05,413,841,485,605,209,fist,
9.68515396118,1580261784.08,414,839,484,604,209,fist,
9.70560503006,1580261784.1,415,838,485,604,210,fist,
9.7300901413,1580261784.12,414,841,484,606,209,fist,
9.75457906723,1580261784.14,411,842,484,600,209,fist,
9.77508497238,1580261784.17,415,842,484,606,212,fist,
9.79975795746,1580261784.19,414,842,486,605,212,fist,
9.82027792931,1580261784.21,413,839,484,604,210,fist,
9.8449819088,1580261784.24,415,843,482,603,211,fist,
9.86925601959,1580261784.26,415,844,484,604,211,fist,
9.88993692398,1580261784.28,414,845,485,606,213,fist,
9.91444993019,1580261784.3,413,844,487,605,211,fist,
9.93511509895,1580261784.33,414,846,487,606,208,fist,
9.95953798294,1580261784.35,414,845,484,605,211,fist,
9.98427700996,1580261784.37,414,844,485,605,212,fist,
10.0045609474,1580261784.39,414,844,486,605,206,fist,
10.0290050507,1580261784.42,415,846,488,604,210,fist,
10.0500049591,1580261784.44,415,845,486,605,212,fist,
10.0742189884,1580261784.46,414,846,483,608,211,fist,
10.0949239731,1580261784.49,415,843,487,608,209,fist,
10.1195349693,1580261784.51,413,844,486,606,209,fist,
10.1440560818,1580261784.53,415,845,486,607,212,fist,
10.1643829346,1580261784.55,415,843,486,608,211,fist,
10.1888999939,1580261784.58,414,841,487,607,207,fist,
10.2094130516,1580261784.6,414,844,485,602,212,fist,
10.2339880466,1580261784.62,414,843,486,606,211,fist,
10.2585260868,1580261784.65,414,844,486,605,210,fist,
10.2792930603,1580261784.67,411,842,488,600,210,fist,
10.3035690784,1580261784.69,415,843,485,604,210,fist,
10.3241329193,1580261784.71,414,843,486,604,213,fist,
10.3486881256,1580261784.74,416,840,487,603,211,fist,
10.3731179237,1580261784.76,414,842,486,602,209,fist,
10.3937969208,1580261784.78,415,842,486,603,209,fist,
10.4182400703,1580261784.81,414,840,485,605,210,fist,
10.4411380291,1580261784.83,411,838,483,605,211,fist,
10.463283062,1580261784.85,411,839,486,604,209,fist,
10.4837970734,1580261784.87,413,837,484,604,210,fist,
10.508644104,1580261784.9,414,838,485,607,212,fist,
10.5329101086,1580261784.92,415,838,488,606,211,fist,
10.5538561344,1580261784.94,412,836,481,605,210,fist,
10.5779709816,1580261784.97,413,837,483,604,213,fist,
10.5986161232,1580261784.99,414,836,484,606,209,fist,
10.6231489182,1580261785.01,414,837,485,606,210,fist,
10.6478629112,1580261785.04,412,835,489,604,212,fist,
10.6684470177,1580261785.06,413,837,484,604,208,fist,
10.6927390099,1580261785.08,414,835,486,607,212,fist,
10.7136480808,1580261785.1,414,835,486,606,211,fist,
10.7377779484,1580261785.13,413,835,483,604,211,fist,
10.7624731064,1580261785.15,413,836,489,606,214,fist,
10.7831759453,1580261785.17,415,836,485,607,212,fist,
10.8074190617,1580261785.2,414,836,487,606,212,fist,
10.828001976,1580261785.22,416,837,490,605,211,fist,
10.8527760506,1580261785.24,412,836,486,604,212,fist,
10.8729641438,1580261785.26,414,835,486,606,213,fist,
10.8980169296,1580261785.29,413,836,488,606,211,fist,
10.9222221375,1580261785.31,414,833,485,604,207,fist,
10.9427161217,1580261785.33,416,837,491,605,211,fist,
10.9672529697,1580261785.36,413,837,487,603,212,fist,
10.9879999161,1580261785.38,413,836,486,603,208,fist,
11.0122759342,1580261785.4,412,838,485,602,210,fist,
11.0368180275,1580261785.43,414,836,484,603,211,fist,
11.0574259758,1580261785.45,414,838,484,604,212,fist,
11.082034111,1580261785.47,413,838,484,604,209,fist,
11.1025030613,1580261785.49,415,839,488,604,212,fist,
11.12728405,1580261785.52,414,839,486,603,214,fist,
11.1517910957,1580261785.54,413,838,485,607,211,fist,
11.1720240116,1580261785.56,410,839,488,603,211,fist,
11.1969900131,1580261785.59,415,842,489,609,210,fist,
11.2174949646,1580261785.61,413,841,489,607,211,fist,
11.2418129444,1580261785.63,415,842,491,611,212,fist,
11.2622449398,1580261785.65,413,841,490,610,213,fist,
11.2868359089,1580261785.68,414,841,486,612,213,fist,
11.3115210533,1580261785.7,414,844,490,614,213,fist,
11.3320219517,1580261785.72,413,845,491,616,213,fist,
11.3564109802,1580261785.75,409,846,495,613,211,fist,
11.3769309521,1580261785.77,412,848,496,615,213,fist,
11.4014849663,1580261785.79,412,850,495,618,211,fist,
11.425880909,1580261785.82,413,852,497,621,213,fist,
11.4464929104,1580261785.84,411,853,492,620,210,fist,
11.471143961,1580261785.86,409,855,486,617,208,fist,
11.4919660091,1580261785.88,407,855,485,618,208,fist,
11.5161759853,1580261785.91,408,853,485,616,207,fist,
11.5407600403,1580261785.93,408,853,482,615,202,fist,
11.5612931252,1580261785.95,408,852,487,614,206,fist,
11.5859599113,1580261785.98,407,851,486,615,207,fist,
11.606276989,1580261786.0,405,853,483,618,206,fist,
11.6309199333,1580261786.02,404,853,492,618,207,fist,
11.6516170502,1580261786.04,406,852,489,618,208,fist,
11.6759650707,1580261786.07,405,854,490,623,207,fist,
11.7005081177,1580261786.09,406,855,490,622,206,fist,
11.721460104,1580261786.11,405,853,488,621,205,fist,
11.7457649708,1580261786.14,406,852,492,622,203,fist,
11.7663121223,1580261786.16,406,853,487,623,206,fist,
11.790694952,1580261786.18,403,853,485,622,203,fist,
11.8154261112,1580261786.21,406,854,488,619,205,fist,
11.8357770443,1580261786.23,404,851,484,619,204,fist,
11.8606209755,1580261786.25,406,852,482,617,206,fist,
11.8808400631,1580261786.27,406,851,478,616,205,fist,
11.9053931236,1580261786.3,406,852,481,610,203,fist,
11.9299359322,1580261786.32,405,851,476,611,205,fist,
11.9505720139,1580261786.34,405,850,477,611,203,fist,
11.9748449326,1580261786.36,405,850,475,609,204,fist,
11.9955489635,1580261786.39,406,846,477,608,201,fist,
12.0203909874,1580261786.41,403,849,477,605,204,fist,
12.04053092,1580261786.43,406,850,481,608,205,fist,
12.0651631355,1580261786.46,405,851,481,609,204,fist,
12.0897669792,1580261786.48,402,850,484,607,202,fist,
12.1100759506,1580261786.5,407,851,485,608,207,fist,
12.1348071098,1580261786.52,404,851,485,614,204,fist,
12.1554400921,1580261786.55,406,854,489,613,204,fist,
12.1797420979,1580261786.57,402,852,490,611,205,fist,
12.2043831348,1580261786.59,404,854,486,615,204,fist,
15.246587038,1580261789.64,405,852,490,617,207,one,
15.2473359108,1580261789.64,404,852,490,618,203,one,
15.2478780746,1580261789.64,403,854,489,617,201,one,
15.2483320236,1580261789.64,406,854,486,618,205,one,
15.2487800121,1580261789.64,405,854,489,617,205,one,
15.2492580414,1580261789.64,404,855,488,618,205,one,
15.2497520447,1580261789.64,407,854,491,613,204,one,
15.2502269745,1580261789.64,403,853,487,617,204,one,
15.2506949902,1580261789.64,405,852,488,616,206,one,
15.2511639595,1580261789.64,402,854,485,618,202,one,
15.2516319752,1580261789.64,403,854,489,615,206,one,
15.2520999908,1580261789.64,405,854,487,617,205,one,
15.2525680065,1580261789.64,403,854,488,618,206,one,
15.2530360222,1580261789.64,404,855,485,617,206,one,
15.2535030842,1580261789.64,403,852,487,618,201,one,
15.2539980412,1580261789.64,404,854,487,616,205,one,
15.2548570633,1580261789.64,404,855,489,617,207,one,
15.2553551197,1580261789.65,404,855,491,617,206,one,
15.2558281422,1580261789.65,405,856,490,616,204,one,
15.2562940121,1580261789.65,405,852,494,615,207,one,
15.2567610741,1580261789.65,405,854,489,617,206,one,
15.2572290897,1580261789.65,403,854,490,617,207,one,
15.2577021122,1580261789.65,405,854,494,615,202,one,
15.2581999302,1580261789.65,404,853,490,615,206,one,
15.2586700916,1580261789.65,405,854,491,617,208,one,
15.2591359615,1580261789.65,405,854,492,616,206,one,
15.2596020699,1580261789.65,406,855,493,613,202,one,
15.2600669861,1580261789.65,405,855,494,618,206,one,
15.2605350018,1580261789.65,406,855,492,617,207,one,
15.260999918,1580261789.65,402,854,494,618,206,one,
15.2614629269,1580261789.65,407,856,493,616,205,one,
15.2619409561,1580261789.65,405,855,494,616,207,one,
15.2624211311,1580261789.65,406,853,492,617,210,one,
15.2628929615,1580261789.65,405,855,491,614,208,one,
15.2633619308,1580261789.65,403,855,492,617,208,one,
15.2638349533,1580261789.65,404,854,492,617,211,one,
15.2645010948,1580261789.65,406,854,490,619,211,one,
15.2653689384,1580261789.66,406,855,492,623,208,one,
15.2661030293,1580261789.66,407,859,493,625,211,one,
15.2665929794,1580261789.66,407,860,494,629,212,one,
15.2670431137,1580261789.66,407,860,494,633,214,one,
15.2674920559,1580261789.66,407,862,496,634,209,one,
15.2679641247,1580261789.66,408,862,495,635,211,one,
15.2684280872,1580261789.66,408,864,498,638,214,one,
15.2688930035,1580261789.66,409,864,499,637,215,one,
15.2693560123,1580261789.66,408,863,496,636,216,one,
15.2698509693,1580261789.66,407,863,497,633,213,one,
15.2703230381,1580261789.66,408,865,499,638,216,one,
15.2708179951,1580261789.66,408,865,501,637,216,one,
15.2717170715,1580261789.66,409,862,504,635,216,one,
15.2722201347,1580261789.66,408,864,501,633,214,one,
15.2726969719,1580261789.66,410,864,504,633,218,one,
15.273168087,1580261789.66,412,863,504,636,217,one,
15.27363801,1580261789.66,409,864,500,634,218,one,
15.2741479874,1580261789.66,413,863,506,634,219,one,
15.2746219635,1580261789.66,410,863,506,634,218,one,
15.2751860619,1580261789.67,410,863,506,635,219,one,
15.2757570744,1580261789.67,411,864,508,634,218,one,
15.2764179707,1580261789.67,410,865,507,630,223,one,
15.2767460346,1580261789.67,411,866,507,632,222,one,
15.2770709991,1580261789.67,411,867,505,630,222,one,
15.277369976,1580261789.67,410,866,500,624,224,one,
15.2776710987,1580261789.67,411,865,501,616,225,one,
15.2779929638,1580261789.67,412,864,495,606,230,one,
15.2782959938,1580261789.67,414,860,493,599,230,one,
15.2785971165,1580261789.67,415,858,493,593,228,one,
15.278897047,1580261789.67,412,858,490,587,232,one,
15.2791960239,1580261789.67,413,856,491,584,235,one,
15.2794959545,1580261789.67,412,853,490,579,232,one,
15.2797970772,1580261789.67,409,854,490,572,229,one,
15.280121088,1580261789.67,413,851,491,570,231,one,
15.2804291248,1580261789.67,413,850,488,574,230,one,
15.2807409763,1580261789.67,411,849,487,571,229,one,
15.2810499668,1580261789.67,412,845,488,572,223,one,
15.2813899517,1580261789.67,410,847,486,569,228,one,
15.2816181183,1580261789.67,413,846,488,569,230,one,
15.281981945,1580261789.67,412,848,489,570,228,one,
15.2829480171,1580261789.67,412,844,490,577,226,one,
15.2834010124,1580261789.67,412,848,493,583,230,one,
15.2837920189,1580261789.67,412,850,492,581,229,one,
15.2841610909,1580261789.67,410,852,490,587,232,one,
15.2844181061,1580261789.67,410,853,493,592,228,one,
15.2849109173,1580261789.67,409,852,498,589,228,one,
15.2854249477,1580261789.68,411,854,499,595,231,one,
15.2859010696,1580261789.68,409,857,502,601,229,one,
15.2862689495,1580261789.68,409,857,504,600,229,one,
15.2865650654,1580261789.68,410,860,502,603,230,one,
15.2868261337,1580261789.68,408,859,505,607,230,one,
15.2870941162,1580261789.68,407,857,508,607,228,one,
15.2873871326,1580261789.68,408,860,510,618,227,one,
15.287831068,1580261789.68,406,863,510,616,226,one,
15.2880580425,1580261789.68,407,866,513,623,225,one,
15.2882480621,1580261789.68,405,868,517,627,223,one,
15.288433075,1580261789.68,405,867,521,630,221,one,
15.2886180878,1580261789.68,405,870,521,632,223,one,
15.2888031006,1580261789.68,404,870,521,636,225,one,
15.2889931202,1580261789.68,401,871,517,636,221,one,
15.2892110348,1580261789.68,405,873,519,637,221,one,
15.2894239426,1580261789.68,403,872,519,640,221,one,
15.2896311283,1580261789.68,406,873,520,641,223,one,
15.2898299694,1580261789.68,405,874,522,642,222,one,
15.2900149822,1580261789.68,405,873,519,641,220,one,
15.2901980877,1580261789.68,404,874,517,644,223,one,
15.2903800011,1580261789.68,405,874,519,644,220,one,
15.2905640602,1580261789.68,404,874,519,646,217,one,
15.2907469273,1580261789.68,406,876,522,646,219,one,
15.2909290791,1580261789.68,404,875,519,646,220,one,
15.2911109924,1580261789.68,404,874,519,649,219,one,
15.2912969589,1580261789.68,403,875,521,649,220,one,
15.2914509773,1580261789.68,400,875,521,647,219,one,
15.2916040421,1580261789.68,404,876,523,649,222,one,
15.291754961,1580261789.68,403,875,523,647,221,one,
15.2919061184,1580261789.68,402,875,525,644,219,one,
15.292057991,1580261789.68,403,875,524,644,217,one,
15.2922110558,1580261789.68,403,875,524,647,220,one,
15.2923619747,1580261789.68,400,876,525,649,221,one,
15.2925140858,1580261789.68,404,873,527,643,218,one,
15.2926650047,1580261789.68,403,876,526,647,217,one,
15.2928159237,1580261789.68,403,875,528,648,221,one,
15.2929680347,1580261789.68,404,874,528,648,220,one,
15.2931189537,1580261789.68,402,874,525,648,219,one,
15.2932710648,1580261789.68,403,874,526,646,221,one,
15.2934219837,1580261789.68,402,874,525,646,219,one,
15.2935731411,1580261789.68,402,873,526,647,218,one,
15.2937290668,1580261789.68,403,874,525,643,216,one,
15.2938809395,1580261789.68,400,873,525,644,215,one,
15.2940609455,1580261789.68,403,873,524,645,219,one,
15.2942140102,1580261789.68,402,873,524,644,218,one,
15.2943661213,1580261789.68,400,871,524,645,213,one,
15.2945179939,1580261789.68,401,871,525,643,217,one,
15.294670105,1580261789.68,401,872,524,645,218,one,
15.2948229313,1580261789.68,401,872,526,644,218,one,
15.2949750423,1580261789.69,402,873,525,644,217,one,
15.2951281071,1580261789.69,401,873,527,646,215,one,
15.2952809334,1580261789.69,403,873,528,645,221,one,
15.3176801205,1580261789.71,403,873,527,646,217,one,
15.3381590843,1580261789.73,401,874,525,645,217,one,
15.3629131317,1580261789.75,403,873,529,644,218,one,
15.3832890987,1580261789.77,402,873,526,645,219,one,
15.4082009792,1580261789.8,402,873,526,644,219,one,
15.4328291416,1580261789.82,401,873,521,640,218,one,
15.4533069134,1580261789.84,400,871,520,636,216,one,
15.4775679111,1580261789.87,401,869,517,633,218,one,
15.4980311394,1580261789.89,399,869,510,629,215,one,
15.5226480961,1580261789.91,399,867,508,621,212,one,
15.5472700596,1580261789.94,398,868,504,612,215,one,
15.5679159164,1580261789.96,400,869,501,612,214,one,
15.5921521187,1580261789.98,399,869,497,607,212,one,
15.6127169132,1580261790.0,397,868,494,602,211,one,
15.6373491287,1580261790.03,399,866,491,593,211,one,
15.6578640938,1580261790.05,401,866,486,592,213,one,
15.6825740337,1580261790.07,403,864,485,584,211,one,
15.7068920135,1580261790.1,401,867,482,580,211,one,
15.7275431156,1580261790.12,404,869,481,578,213,one,
15.7520489693,1580261790.14,403,867,480,574,210,one,
15.7725560665,1580261790.16,403,867,479,573,211,one,
15.7973921299,1580261790.19,405,867,477,563,205,one,
15.8218579292,1580261790.21,403,862,476,560,209,one,
15.8421239853,1580261790.23,405,865,478,566,210,one,
15.8669850826,1580261790.26,405,868,484,573,211,one,
15.8874750137,1580261790.28,403,868,483,568,210,one,
15.9118349552,1580261790.3,405,867,483,578,212,one,
15.9363689423,1580261790.33,404,865,484,578,208,one,
15.9568560123,1580261790.35,404,867,484,574,210,one,
15.9816870689,1580261790.37,401,867,480,577,209,one,
16.0022990704,1580261790.39,401,865,483,574,209,one,
16.0266530514,1580261790.42,404,864,483,577,209,one,
16.0472009182,1580261790.44,404,866,486,572,209,one,
16.0715520382,1580261790.46,401,867,483,573,208,one,
16.0964369774,1580261790.49,404,866,484,569,209,one,
16.1166119576,1580261790.51,404,863,483,572,208,one,
16.14133811,1580261790.53,404,865,476,572,209,one,
16.1620750427,1580261790.55,404,866,485,570,211,one,
16.1862790585,1580261790.58,404,863,482,568,209,one,
16.210711956,1580261790.6,404,863,479,570,210,one,
16.23133111,1580261790.62,407,860,483,568,207,one,
16.2558710575,1580261790.65,402,857,479,562,208,one,
16.2764339447,1580261790.67,405,860,481,567,208,one,
16.3011710644,1580261790.69,404,859,481,566,209,one,
16.3254709244,1580261790.72,404,859,479,566,208,one,
16.3460350037,1580261790.74,404,859,480,566,204,one,
16.370609045,1580261790.76,404,859,477,567,209,one,
16.3914630413,1580261790.78,403,860,479,569,208,one,
16.4156091213,1580261790.81,401,857,483,561,208,one,
16.4362950325,1580261790.83,404,856,481,571,206,one,
16.4608130455,1580261790.85,405,861,479,569,209,one,
16.485211134,1580261790.88,406,860,479,566,208,one,
16.5059020519,1580261790.9,405,864,473,565,209,one,
16.5303471088,1580261790.92,403,863,479,563,204,one,
16.5510981083,1580261790.94,406,862,478,565,208,one,
16.5754151344,1580261790.97,403,864,474,565,205,one,
16.5999689102,1580261790.99,403,864,474,565,208,one,
16.6209659576,1580261791.01,406,863,478,567,204,one,
16.6450929642,1580261791.04,406,862,478,567,208,one,
16.6654980183,1580261791.06,406,863,477,569,208,one,
16.6900849342,1580261791.08,406,864,478,560,207,one,
16.7148439884,1580261791.1,407,861,478,570,207,one,
16.7352099419,1580261791.13,405,864,476,568,208,one,
16.7600181103,1580261791.15,405,863,475,568,210,one,
16.7804300785,1580261791.17,406,864,476,570,205,one,
16.8050839901,1580261791.2,405,862,480,570,208,one,
16.8253180981,1580261791.22,407,865,479,571,209,one,
16.8499290943,1580261791.24,404,866,477,572,210,one,
16.8744399548,1580261791.26,406,865,477,568,207,one,
16.895277977,1580261791.29,406,867,471,574,210,one,
16.9197831154,1580261791.31,406,867,472,574,209,one,
16.9400780201,1580261791.33,406,867,474,573,209,one,
16.9649159908,1580261791.35,406,869,474,575,205,one,
16.9891180992,1580261791.38,404,868,473,573,207,one,
17.009622097,1580261791.4,406,868,471,575,211,one,
17.0342719555,1580261791.42,405,868,475,573,208,one,
17.0549271107,1580261791.45,404,868,471,574,210,one,
17.079280138,1580261791.47,407,868,478,578,211,one,
17.1042211056,1580261791.49,406,868,472,575,210,one,
17.1243720055,1580261791.51,408,865,474,575,210,one,
17.1489260197,1580261791.54,403,867,475,569,208,one,
17.1697940826,1580261791.56,405,866,473,573,211,one,
17.1942651272,1580261791.58,406,867,473,575,210,one,
17.2146561146,1580261791.6,406,866,471,574,210,one,
17.2390649319,1580261791.63,405,868,470,573,209,one,
17.2639501095,1580261791.65,404,866,476,578,206,one,
17.284457922,1580261791.67,406,865,474,574,210,one,
17.3089020252,1580261791.7,406,865,474,575,209,one,
17.3292510509,1580261791.72,406,864,474,575,206,one,
17.3539860249,1580261791.74,405,864,474,573,209,one,
17.378305912,1580261791.77,407,866,475,575,212,one,
17.3988809586,1580261791.79,406,868,478,574,211,one,
17.4233419895,1580261791.81,402,867,475,575,207,one,
17.4439539909,1580261791.83,410,866,474,574,209,one,
17.4684989452,1580261791.86,406,866,474,573,212,one,
17.4930779934,1580261791.88,406,867,474,575,209,one,
17.5135350227,1580261791.9,406,867,473,571,210,one,
17.5380990505,1580261791.93,406,866,474,572,208,one,
17.5586960316,1580261791.95,407,867,472,573,211,one,
17.5835149288,1580261791.97,408,867,477,573,212,one,
17.6040010452,1580261791.99,403,867,475,570,209,one,
17.6284840107,1580261792.02,404,867,475,575,210,one,
17.6527490616,1580261792.04,407,866,477,571,211,one,
17.6731240749,1580261792.06,408,867,478,575,211,one,
17.697701931,1580261792.09,404,866,479,575,208,one,
17.7183909416,1580261792.11,408,866,478,572,211,one,
17.7427620888,1580261792.13,407,867,476,576,212,one,
17.7676100731,1580261792.16,405,867,474,576,207,one,
17.7879641056,1580261792.18,406,866,476,574,210,one,
17.8125829697,1580261792.2,407,867,480,577,213,one,
17.8332741261,1580261792.22,407,867,476,577,211,one,
17.8576500416,1580261792.25,407,863,476,578,211,one,
17.8821530342,1580261792.27,408,867,477,571,208,one,
17.9027590752,1580261792.29,405,867,476,576,209,one,
17.9274821281,1580261792.32,408,867,478,579,210,one,
17.9478099346,1580261792.34,406,865,480,574,212,one,
17.9726309776,1580261792.36,406,866,479,581,210,one,
17.9930651188,1580261792.38,406,867,480,575,211,one,
18.0177490711,1580261792.41,406,866,481,580,212,one,
18.0419559479,1580261792.43,407,866,480,582,210,one,
18.0624930859,1580261792.45,407,868,485,584,213,one,
18.0870990753,1580261792.48,407,864,479,583,211,one,
18.1076409817,1580261792.5,405,867,483,584,213,one,
18.132527113,1580261792.52,406,867,478,583,213,one,
18.1566650867,1580261792.55,404,864,484,583,212,one,
18.177161932,1580261792.57,406,865,484,584,211,one,
18.2020959854,1580261792.59,406,865,484,583,212,one,
18.222315073,1580261792.61,404,867,481,583,212,one,
18.2467451096,1580261792.64,405,866,484,579,211,one,
18.2713401318,1580261792.66,404,865,486,587,211,one,
18.2920470238,1580261792.68,403,866,488,588,213,one,
18.3167989254,1580261792.71,406,864,488,590,212,one,
18.3370881081,1580261792.73,405,867,488,593,211,one,
18.3619480133,1580261792.75,406,866,490,590,213,one,
18.3819670677,1580261792.77,406,866,489,588,213,one,
18.4066410065,1580261792.8,405,866,487,589,213,one,
18.4313890934,1580261792.82,407,866,489,589,212,one,
18.4518339634,1580261792.84,405,866,489,590,212,one,
18.4761300087,1580261792.87,406,866,487,592,212,one,
18.4970400333,1580261792.89,402,865,489,590,213,one,
18.5212869644,1580261792.91,404,867,489,589,212,one,
18.5459980965,1580261792.94,406,865,488,588,214,one,
18.5663869381,1580261792.96,402,866,486,590,212,one,
18.5908560753,1580261792.98,401,866,489,587,212,one,
18.6116240025,1580261793.0,403,866,487,590,212,one,
18.6359739304,1580261793.03,405,866,488,588,212,one,
18.6608109474,1580261793.05,406,866,489,589,214,one,
18.6811070442,1580261793.07,405,867,489,584,211,one,
18.7056851387,1580261793.1,404,866,489,588,213,one,
18.7261941433,1580261793.12,406,866,488,589,210,one,
18.7509031296,1580261793.14,403,866,487,589,213,one,
18.7713830471,1580261793.16,404,867,483,588,210,one,
18.7957530022,1580261793.19,403,865,489,588,212,one,
18.820554018,1580261793.21,405,866,486,590,213,one,
18.8408610821,1580261793.23,404,864,487,590,212,one,
18.8654611111,1580261793.26,404,864,486,590,211,one,
18.8859579563,1580261793.28,405,864,487,587,212,one,
18.9103839397,1580261793.3,406,866,486,590,213,one,
18.9353280067,1580261793.33,405,866,488,589,214,one,
18.9556660652,1580261793.35,405,866,490,588,214,one,
18.9803509712,1580261793.37,405,864,488,588,211,one,
19.0010280609,1580261793.39,404,866,487,589,212,one,
19.0252959728,1580261793.42,404,866,489,587,212,one,
19.049806118,1580261793.44,405,867,486,587,212,one,
19.0702900887,1580261793.46,404,865,484,587,211,one,
19.095044136,1580261793.49,404,866,485,586,212,one,
19.1156001091,1580261793.51,403,867,486,585,211,one,
19.1398830414,1580261793.53,399,867,484,591,210,one,
19.1604170799,1580261793.55,403,870,486,595,208,one,
19.1849341393,1580261793.58,403,867,488,599,210,one,
19.2095000744,1580261793.6,398,869,489,605,212,one,
19.2303271294,1580261793.62,399,869,494,608,210,one,
19.2545781136,1580261793.64,400,869,497,617,212,one,
19.2753329277,1580261793.67,402,870,496,623,214,one,
19.2997190952,1580261793.69,401,869,497,626,213,one,
19.3241839409,1580261793.71,400,867,499,632,208,one,
19.3447189331,1580261793.73,405,868,505,636,211,one,
19.369478941,1580261793.76,402,867,506,638,212,one,
19.3899109364,1580261793.78,401,869,502,639,213,one,
19.4143280983,1580261793.8,400,865,507,638,212,one,
19.4388201237,1580261793.83,401,867,506,639,212,one,
19.4594380856,1580261793.85,401,865,508,637,211,one,
19.4842269421,1580261793.87,401,867,510,638,213,one,
19.5045731068,1580261793.89,401,868,509,638,207,one,
19.5292360783,1580261793.92,402,868,515,637,215,one,
19.5495760441,1580261793.94,402,868,515,639,214,one,
19.5741131306,1580261793.96,399,869,517,636,211,one,
19.5986909866,1580261793.99,403,868,513,638,211,one,
19.6191759109,1580261794.01,400,867,513,640,211,one,
19.6438000202,1580261794.03,401,868,517,640,212,one,
19.6645879745,1580261794.05,400,867,517,640,209,one,
19.6888720989,1580261794.08,400,868,517,639,213,one,
19.7134149075,1580261794.1,400,867,517,640,214,one,
19.7342269421,1580261794.12,402,868,517,640,214,one,
19.7583990097,1580261794.15,399,866,517,635,210,one,
19.7789580822,1580261794.17,400,866,517,639,211,one,
19.8038549423,1580261794.19,401,868,516,639,212,one,
19.8283610344,1580261794.22,400,866,517,636,213,one,
19.8485751152,1580261794.24,402,868,521,640,213,one,
19.8733589649,1580261794.26,399,869,518,640,213,one,
19.8936450481,1580261794.28,401,868,518,640,215,one,
19.9182751179,1580261794.31,400,868,518,641,214,one,
19.9389419556,1580261794.33,400,865,514,639,210,one,
19.9633510113,1580261794.35,401,868,519,639,209,one,
19.9878060818,1580261794.38,399,868,515,640,211,one,
20.0083301067,1580261794.4,402,868,517,638,212,one,
20.0328979492,1580261794.42,397,867,518,640,214,one,
20.0538620949,1580261794.44,402,866,520,639,208,one,
20.0779380798,1580261794.47,400,866,517,639,213,one,
20.1026370525,1580261794.49,400,868,515,640,212,one,
20.1231460571,1580261794.51,401,868,518,635,212,one,
20.1476471424,1580261794.54,402,868,518,636,211,one,
20.1684410572,1580261794.56,400,868,517,640,213,one,
20.1929309368,1580261794.58,400,868,515,640,211,one,
20.2172811031,1580261794.61,399,867,518,641,209,one,
20.2379050255,1580261794.63,397,867,518,641,213,one,
20.2623310089,1580261794.65,400,867,517,640,212,one,
24.6432900429,1580261799.03,401,868,518,638,213,extend,
24.6438829899,1580261799.03,399,867,517,639,208,extend,
24.6444010735,1580261799.03,400,867,518,639,212,extend,
24.6449010372,1580261799.03,400,867,516,638,212,extend,
24.6453931332,1580261799.04,400,867,515,640,214,extend,
24.6459329128,1580261799.04,398,868,515,639,208,extend,
24.6464629173,1580261799.04,400,867,519,638,212,extend,
24.6470789909,1580261799.04,401,867,518,638,214,extend,
24.6475999355,1580261799.04,400,867,517,640,211,extend,
24.6481261253,1580261799.04,398,867,515,638,212,extend,
24.648649931,1580261799.04,400,868,514,638,214,extend,
24.6491761208,1580261799.04,400,868,516,639,211,extend,
24.6499330997,1580261799.04,400,866,516,639,212,extend,
24.6505520344,1580261799.04,401,866,517,639,210,extend,
24.6510989666,1580261799.04,398,867,515,637,212,extend,
24.6516299248,1580261799.04,400,867,515,639,213,extend,
24.6521561146,1580261799.04,399,867,514,639,212,extend,
24.6526811123,1580261799.04,401,867,512,638,213,extend,
24.6532039642,1580261799.04,401,868,516,636,212,extend,
24.6541259289,1580261799.04,400,865,516,638,212,extend,
24.6546280384,1580261799.04,400,868,515,639,212,extend,
24.6550989151,1580261799.05,398,868,514,638,211,extend,
24.6555650234,1580261799.05,399,866,517,638,211,extend,
24.6561460495,1580261799.05,400,868,516,640,213,extend,
24.6567070484,1580261799.05,397,867,518,639,213,extend,
24.6572370529,1580261799.05,396,868,516,639,207,extend,
24.6577959061,1580261799.05,397,868,517,639,212,extend,
24.6583309174,1580261799.05,400,867,517,639,211,extend,
24.6588580608,1580261799.05,398,868,517,640,213,extend,
24.6593840122,1580261799.05,397,868,516,638,212,extend,
24.6599109173,1580261799.05,399,867,515,638,210,extend,
24.6606431007,1580261799.05,399,868,515,640,211,extend,
24.6615130901,1580261799.05,399,863,516,639,211,extend,
24.6622219086,1580261799.05,396,868,517,634,209,extend,
24.6628530025,1580261799.05,398,869,513,641,211,extend,
24.6633760929,1580261799.05,399,868,515,641,211,extend,
24.6638650894,1580261799.05,399,869,515,642,210,extend,
24.6643500328,1580261799.05,397,867,514,643,207,extend,
24.6648340225,1580261799.05,398,869,512,641,210,extend,
24.6653211117,1580261799.06,397,869,510,643,212,extend,
24.665667057,1580261799.06,395,868,509,642,209,extend,
24.6660399437,1580261799.06,399,866,514,640,209,extend,
24.666383028,1580261799.06,399,869,511,642,212,extend,
24.6667249203,1580261799.06,399,868,514,643,210,extend,
24.6670651436,1580261799.06,399,865,514,641,211,extend,
24.6674051285,1580261799.06,400,865,514,639,210,extend,
24.6677439213,1580261799.06,399,868,514,642,209,extend,
24.6680829525,1580261799.06,398,868,515,642,213,extend,
24.6684241295,1580261799.06,402,868,518,638,212,extend,
24.6688830853,1580261799.06,399,867,516,641,213,extend,
24.669383049,1580261799.06,400,868,517,642,214,extend,
24.669907093,1580261799.06,400,867,516,642,213,extend,
24.6702871323,1580261799.06,400,867,517,642,213,extend,
24.6705751419,1580261799.06,400,868,518,639,211,extend,
24.6708290577,1580261799.06,401,867,516,641,213,extend,
24.6710829735,1580261799.06,400,866,516,641,214,extend,
24.6713380814,1580261799.06,399,868,518,641,214,extend,
24.6715960503,1580261799.06,398,868,516,640,210,extend,
24.6718549728,1580261799.06,401,866,515,641,215,extend,
24.6721160412,1580261799.06,400,868,514,641,212,extend,
24.6723840237,1580261799.06,399,867,518,642,213,extend,
24.6726460457,1580261799.06,401,867,517,638,212,extend,
24.6728990078,1580261799.06,401,868,517,641,214,extend,
24.673167944,1580261799.06,401,868,518,640,215,extend,
24.6734149456,1580261799.06,398,867,518,641,214,extend,
24.6736600399,1580261799.06,401,868,519,639,213,extend,
24.6739270687,1580261799.06,401,867,518,640,214,extend,
24.6741740704,1580261799.06,400,867,517,641,215,extend,
24.6744189262,1580261799.06,400,868,518,637,212,extend,
24.6746649742,1580261799.06,401,867,517,639,211,extend,
24.6749091148,1580261799.06,400,868,517,640,214,extend,
24.675153017,1580261799.07,401,866,516,641,215,extend,
24.675399065,1580261799.07,400,868,516,640,212,extend,
24.6755950451,1580261799.07,400,866,518,639,211,extend,
24.6757929325,1580261799.07,402,868,518,641,215,extend,
24.6759910583,1580261799.07,401,868,517,641,214,extend,
24.6762690544,1580261799.07,398,867,518,640,214,extend,
24.6765739918,1580261799.07,400,867,516,640,213,extend,
24.6768801212,1580261799.07,401,867,518,640,215,extend,
24.6771910191,1580261799.07,401,867,517,640,215,extend,
24.6774570942,1580261799.07,400,866,517,637,213,extend,
24.6776790619,1580261799.07,400,867,518,640,215,extend,
24.6778919697,1580261799.07,402,867,518,640,214,extend,
24.6786360741,1580261799.07,400,868,517,640,213,extend,
24.6793160439,1580261799.07,400,866,517,639,212,extend,
24.6798460484,1580261799.07,401,867,516,639,212,extend,
24.6802909374,1580261799.07,401,866,516,639,215,extend,
24.6805009842,1580261799.07,400,868,517,639,214,extend,
24.6809310913,1580261799.07,400,866,516,640,213,extend,
24.681456089,1580261799.07,400,867,516,639,215,extend,
24.6818699837,1580261799.07,402,867,517,641,214,extend,
24.6821610928,1580261799.07,401,867,517,641,215,extend,
24.6824131012,1580261799.07,400,867,516,639,211,extend,
24.6826710701,1580261799.07,400,867,517,640,213,extend,
24.6829190254,1580261799.07,402,866,517,638,216,extend,
24.6831760406,1580261799.07,402,868,518,640,215,extend,
24.683437109,1580261799.07,400,867,517,639,214,extend,
24.6836929321,1580261799.07,401,866,516,639,215,extend,
24.6839120388,1580261799.07,403,866,516,640,216,extend,
24.6840789318,1580261799.07,401,868,516,639,215,extend,
24.6842620373,1580261799.07,403,868,515,638,212,extend,
24.6844301224,1580261799.07,402,867,518,639,217,extend,
24.6845970154,1580261799.07,403,867,518,639,217,extend,
24.6847651005,1580261799.07,402,866,517,639,217,extend,
24.6849319935,1580261799.08,401,867,517,638,214,extend,
24.6850979328,1580261799.08,402,867,518,638,216,extend,
24.6852710247,1580261799.08,403,867,518,639,219,extend,
24.6854240894,1580261799.08,401,867,517,639,218,extend,
24.6855769157,1580261799.08,403,868,517,637,217,extend,
24.685739994,1580261799.08,402,867,519,638,216,extend,
24.6858980656,1580261799.08,404,867,518,640,219,extend,
24.6860530376,1580261799.08,401,867,516,640,218,extend,
24.6862080097,1580261799.08,403,866,517,635,219,extend,
24.6863651276,1580261799.08,405,868,517,638,220,extend,
24.6866559982,1580261799.08,405,868,519,640,221,extend,
24.6870000362,1580261799.08,403,867,517,639,221,extend,
24.6873409748,1580261799.08,403,867,517,637,219,extend,
24.6876890659,1580261799.08,405,867,518,640,221,extend,
24.687969923,1580261799.08,404,866,518,639,222,extend,
24.6881289482,1580261799.08,404,867,515,639,220,extend,
24.6883180141,1580261799.08,404,867,518,638,219,extend,
24.6884810925,1580261799.08,405,867,517,639,221,extend,
24.6886389256,1580261799.08,405,867,518,640,221,extend,
24.6887950897,1580261799.08,404,867,518,639,221,extend,
24.6889510155,1580261799.08,401,866,518,639,217,extend,
24.6891069412,1580261799.08,405,866,518,637,223,extend,
24.6892609596,1580261799.08,406,868,519,639,222,extend,
24.6894159317,1580261799.08,403,868,516,638,219,extend,
24.6895689964,1580261799.08,403,868,519,637,221,extend,
24.6897330284,1580261799.08,405,867,518,639,221,extend,
24.6898899078,1580261799.08,405,867,518,639,223,extend,
24.690046072,1580261799.08,403,867,516,638,219,extend,
24.6902151108,1580261799.08,405,867,518,638,219,extend,
24.6903641224,1580261799.08,405,867,519,637,222,extend,
24.6905140877,1580261799.08,405,867,518,639,221,extend,
24.6906630993,1580261799.08,403,866,518,636,218,extend,
24.6908121109,1580261799.08,403,865,519,638,219,extend,
24.6909599304,1580261799.08,403,867,517,639,220,extend,
24.6911070347,1580261799.08,403,866,519,638,221,extend,
24.6912541389,1580261799.08,404,868,517,638,216,extend,
24.6914010048,1580261799.08,402,869,518,637,219,extend,
24.6915500164,1580261799.08,403,867,518,639,219,extend,
24.6916959286,1580261799.08,404,867,518,640,220,extend,
24.6918449402,1580261799.08,404,867,519,639,220,extend,
24.6919920444,1580261799.08,402,867,518,638,217,extend,
24.6921410561,1580261799.08,405,867,518,640,219,extend,
24.6922910213,1580261799.08,404,867,518,640,220,extend,
24.6924390793,1580261799.08,403,867,518,639,219,extend,
24.6925880909,1580261799.08,402,867,518,638,218,extend,
24.6927349567,1580261799.08,405,867,518,639,221,extend,
24.6928811073,1580261799.08,404,868,518,639,221,extend,
24.6930279732,1580261799.08,403,866,517,638,219,extend,
24.6931889057,1580261799.08,405,868,518,638,218,extend,
24.6933560371,1580261799.08,405,867,518,640,221,extend,
24.6934990883,1580261799.08,405,867,518,639,222,extend,
24.6936430931,1580261799.08,403,866,518,637,217,extend,
24.6937921047,1580261799.08,404,866,518,638,217,extend,
24.6939361095,1580261799.08,405,867,518,639,221,extend,
24.6940770149,1580261799.08,404,867,518,639,220,extend,
24.6942191124,1580261799.08,403,865,517,638,219,extend,
24.6943609715,1580261799.08,404,867,518,638,221,extend,
24.6945040226,1580261799.08,405,867,518,639,221,extend,
24.6946480274,1580261799.08,404,867,518,639,221,extend,
24.6947910786,1580261799.08,402,866,518,638,219,extend,
24.6949329376,1580261799.09,403,866,517,637,219,extend,
24.6950750351,1580261799.09,406,868,519,638,222,extend,
24.6952180862,1580261799.09,404,867,518,640,221,extend,
24.6953599453,1580261799.09,404,867,516,637,220,extend,
24.6955010891,1580261799.09,404,867,517,638,220,extend,
24.6956441402,1580261799.09,404,867,518,639,221,extend,
24.6957840919,1580261799.09,404,866,518,638,220,extend,
24.695925951,1580261799.09,403,867,518,637,219,extend,
24.6960690022,1580261799.09,403,866,517,637,219,extend,
24.6962110996,1580261799.09,404,867,518,639,221,extend,
24.6963510513,1580261799.09,403,867,518,639,220,extend,
24.6964941025,1580261799.09,403,865,517,637,219,extend,
24.6966519356,1580261799.09,403,866,516,638,218,extend,
24.6967949867,1580261799.09,404,866,517,639,220,extend,
24.6969370842,1580261799.09,404,866,518,639,219,extend,
24.697081089,1580261799.09,403,867,517,637,218,extend,
24.6972560883,1580261799.09,403,867,518,638,220,extend,
24.6973991394,1580261799.09,404,867,518,640,221,extend,
24.6975650787,1580261799.09,403,867,515,638,217,extend,
24.6977081299,1580261799.09,403,867,516,639,220,extend,
24.6978590488,1580261799.09,403,868,515,638,218,extend,
24.6980021,1580261799.09,403,867,516,638,217,extend,
24.6982929707,1580261799.09,403,867,517,639,218,extend,
24.6985330582,1580261799.09,403,867,517,639,21903,extend,
24.698677063,1580261799.09,403,867,516,639,220,extend,
24.6988201141,1580261799.09,403,868,515,638,218,extend,
24.6989619732,1580261799.09,403,867,516,638,217,extend,
24.6991050243,1580261799.09,403,867,517,639,218,extend,
24.7029440403,1580261799.09,403,867,517,639,219,extend,
24.7235870361,1580261799.11,402,866,516,637,218,extend,
24.748374939,1580261799.14,403,867,517,638,218,extend,
24.7726449966,1580261799.16,403,867,516,639,218,extend,
24.7934799194,1580261799.18,403,868,516,639,219,extend,
24.8177571297,1580261799.21,402,866,515,638,215,extend,
24.8384079933,1580261799.23,403,867,511,636,215,extend,
24.863088131,1580261799.25,402,867,511,634,218,extend,
24.8872959614,1580261799.28,403,865,509,633,219,extend,
24.9078071117,1580261799.3,402,865,502,621,216,extend,
24.9325580597,1580261799.32,402,859,498,601,215,extend,
24.9531269073,1580261799.34,405,856,490,582,214,extend,
24.9774620533,1580261799.37,404,851,478,560,215,extend,
24.9979190826,1580261799.39,407,842,463,534,214,extend,
25.0228879452,1580261799.41,408,836,451,505,211,extend,
25.0473799706,1580261799.44,408,830,443,491,213,extend,
25.0678510666,1580261799.46,411,826,434,479,213,extend,
25.0921940804,1580261799.48,411,826,431,473,209,extend,
25.1127541065,1580261799.5,407,824,428,466,210,extend,
25.1372871399,1580261799.53,410,823,425,470,209,extend,
25.1621520519,1580261799.55,412,821,423,475,209,extend,
25.1824250221,1580261799.57,411,819,423,471,205,extend,
25.2069151402,1580261799.6,412,818,421,470,206,extend,
25.2276759148,1580261799.62,411,819,423,474,207,extend,
25.2519450188,1580261799.64,413,819,423,474,206,extend,
25.2767291069,1580261799.67,410,818,421,475,202,extend,
25.2974131107,1580261799.69,412,817,421,475,203,extend,
25.3215880394,1580261799.71,409,819,418,471,199,extend,
25.3422920704,1580261799.73,409,815,417,465,200,extend,
25.3668570518,1580261799.76,406,814,414,458,200,extend,
25.387212038,1580261799.78,409,810,410,446,199,extend,
25.4117701054,1580261799.8,410,805,407,440,198,extend,
25.4380259514,1580261799.83,411,803,403,431,196,extend,
25.4568071365,1580261799.85,410,800,396,424,190,extend,
25.4816930294,1580261799.87,414,799,400,415,193,extend,
25.5021300316,1580261799.89,411,800,398,416,194,extend,
25.5264620781,1580261799.92,411,801,400,411,194,extend,
25.5512421131,1580261799.94,412,804,399,411,192,extend,
25.5715680122,1580261799.96,412,804,397,408,191,extend,
25.596143961,1580261799.99,414,805,398,409,195,extend,
25.6168649197,1580261800.01,414,803,397,411,193,extend,
25.6412119865,1580261800.03,412,805,396,410,192,extend,
25.6659119129,1580261800.06,411,806,400,409,194,extend,
25.6861989498,1580261800.08,413,805,395,409,192,extend,
25.7107009888,1580261800.1,414,808,395,407,193,extend,
25.7315380573,1580261800.12,413,807,395,407,187,extend,
25.7559769154,1580261800.15,410,807,390,404,193,extend,
25.776293993,1580261800.17,412,809,392,407,193,extend,
25.8012261391,1580261800.19,411,811,393,406,192,extend,
25.8254330158,1580261800.22,413,809,392,407,190,extend,
25.8461079597,1580261800.24,415,812,394,404,194,extend,
25.8705489635,1580261800.26,411,812,391,411,192,extend,
25.8910770416,1580261800.28,413,812,392,411,191,extend,
25.9155890942,1580261800.31,412,814,390,410,193,extend,
25.9400670528,1580261800.33,411,813,390,412,191,extend,
25.9610750675,1580261800.35,413,814,394,413,192,extend,
25.9855909348,1580261800.38,413,815,388,413,192,extend,
26.0060400963,1580261800.4,412,810,392,411,193,extend,
26.0303330421,1580261800.42,413,812,396,414,196,extend,
26.054847002,1580261800.44,413,813,393,415,192,extend,
26.0754561424,1580261800.47,409,814,390,416,194,extend,
26.1000959873,1580261800.49,413,816,396,412,192,extend,
26.1205580235,1580261800.51,413,814,394,416,194,extend,
26.1449351311,1580261800.54,413,815,393,420,194,extend,
26.1656849384,1580261800.56,412,812,393,418,193,extend,
26.1900289059,1580261800.58,411,815,396,420,195,extend,
26.2145290375,1580261800.6,411,818,391,423,196,extend,
26.2351899147,1580261800.63,413,815,394,425,195,extend,
26.2597060204,1580261800.65,414,817,396,423,195,extend,
26.2802100182,1580261800.67,414,816,390,425,189,extend,
26.304803133,1580261800.69,411,814,394,427,194,extend,
26.3294329643,1580261800.72,412,816,392,431,196,extend,
26.3498620987,1580261800.74,408,817,390,430,190,extend,
26.3744399548,1580261800.76,411,815,392,430,193,extend,
26.3952429295,1580261800.79,411,817,400,433,194,extend,
26.4195580482,1580261800.81,411,815,398,430,195,extend,
26.4439320564,1580261800.83,415,816,399,430,194,extend,
26.4644680023,1580261800.85,409,815,396,429,193,extend,
26.4890730381,1580261800.88,412,815,395,431,195,extend,
26.5096929073,1580261800.9,410,816,398,431,195,extend,
26.5342650414,1580261800.92,414,816,390,430,194,extend,
26.5547299385,1580261800.94,410,816,397,431,194,extend,
26.5794689655,1580261800.97,413,816,395,438,196,extend,
26.6038241386,1580261800.99,412,816,398,434,195,extend,
26.6243860722,1580261801.01,408,817,400,428,194,extend,
26.6488509178,1580261801.04,413,818,399,431,194,extend,
26.6694359779,1580261801.06,412,816,397,432,193,extend,
26.6943259239,1580261801.08,410,818,397,433,195,extend,
26.7184989452,1580261801.11,412,820,393,432,195,extend,
26.7392189503,1580261801.13,413,822,395,429,192,extend,
26.7638130188,1580261801.15,413,822,394,429,195,extend,
26.7843060493,1580261801.17,413,820,395,429,195,extend,
26.8086259365,1580261801.2,409,822,395,423,193,extend,
26.8333909512,1580261801.22,412,822,391,429,192,extend,
26.8538119793,1580261801.24,412,822,391,427,194,extend,
26.8781909943,1580261801.27,412,822,392,428,193,extend,
26.8989470005,1580261801.29,413,822,394,422,192,extend,
26.923568964,1580261801.31,411,823,395,422,192,extend,
26.9439969063,1580261801.33,413,822,393,428,195,extend,
26.968845129,1580261801.36,409,822,391,431,194,extend,
26.9929080009,1580261801.38,406,821,394,429,192,extend,
27.0134570599,1580261801.4,412,819,393,429,191,extend,
27.0381009579,1580261801.43,410,821,391,430,192,extend,
27.0586490631,1580261801.45,412,817,391,429,192,extend,
27.0835149288,1580261801.47,413,819,394,424,191,extend,
27.1076769829,1580261801.5,410,819,392,429,190,extend,
27.1281750202,1580261801.52,411,818,392,431,194,extend,
27.1528761387,1580261801.54,412,816,391,431,191,extend,
27.1732649803,1580261801.56,408,819,387,431,187,extend,
27.1981289387,1580261801.59,411,819,393,431,190,extend,
27.222358942,1580261801.61,410,818,389,432,190,extend,
27.2431030273,1580261801.63,410,818,391,429,190,extend,
27.2674500942,1580261801.66,406,819,391,426,189,extend,
27.2880339622,1580261801.68,408,818,390,433,188,extend,
27.3125479221,1580261801.7,410,815,392,436,192,extend,
27.3370900154,1580261801.73,411,815,392,437,189,extend,
27.357585907,1580261801.75,409,817,393,438,186,extend,
27.3820869923,1580261801.77,409,816,397,442,193,extend,
27.4027121067,1580261801.79,409,818,394,442,191,extend,
27.4271979332,1580261801.82,408,817,397,441,192,extend,
27.4477119446,1580261801.84,407,816,396,442,191,extend,
27.472178936,1580261801.86,409,816,395,440,189,extend,
27.497013092,1580261801.89,410,816,398,443,192,extend,
27.5176680088,1580261801.91,409,817,397,443,191,extend,
27.5419099331,1580261801.93,405,816,396,443,191,extend,
27.5626170635,1580261801.95,409,815,400,446,194,extend,
27.5870940685,1580261801.98,408,817,397,444,192,extend,
27.6115710735,1580261802.0,411,816,398,444,191,extend,
27.6321280003,1580261802.02,409,817,396,445,186,extend,
27.6566860676,1580261802.05,409,818,395,442,191,extend,
27.6771080494,1580261802.07,411,818,399,445,192,extend,
27.702021122,1580261802.09,411,817,398,447,191,extend,
27.7262639999,1580261802.12,411,819,398,441,190,extend,
27.7466909885,1580261802.14,409,817,396,451,192,extend,
27.7713251114,1580261802.16,410,819,395,449,191,extend,
27.7920651436,1580261802.18,405,819,399,449,191,extend,
27.8165340424,1580261802.21,406,819,394,447,192,extend,
27.836990118,1580261802.23,408,817,398,449,190,extend,
27.8618309498,1580261802.25,407,819,398,451,192,extend,
27.886177063,1580261802.28,409,819,398,448,191,extend,
27.9065361023,1580261802.3,409,816,397,451,187,extend,
27.931440115,1580261802.32,409,817,399,451,190,extend,
27.9519770145,1580261802.34,409,817,397,449,193,extend,
27.9763150215,1580261802.37,410,814,398,452,189,extend,
28.000715971,1580261802.39,409,818,390,447,190,extend,
28.021312952,1580261802.41,409,815,397,448,190,extend,
28.0457909107,1580261802.44,409,817,397,450,190,extend,
28.0665090084,1580261802.46,409,818,392,449,188,extend,
28.0908679962,1580261802.48,407,819,394,448,189,extend,
28.1156220436,1580261802.51,409,817,393,453,191,extend,
28.1363711357,1580261802.53,409,817,397,451,190,extend,
28.160462141,1580261802.55,409,817,399,448,191,extend,
28.1813099384,1580261802.57,405,816,396,450,191,extend,
28.2056210041,1580261802.6,409,816,397,450,191,extend,
28.2260990143,1580261802.62,408,816,395,453,191,extend,
28.2507989407,1580261802.64,408,817,398,453,191,extend,
28.2751381397,1580261802.67,411,816,399,451,189,extend,
28.2959280014,1580261802.69,409,818,400,455,193,extend,
28.3202550411,1580261802.71,410,818,398,454,193,extend,
28.3408041,1580261802.73,409,819,397,456,189,extend,
28.3657400608,1580261802.76,409,817,398,450,188,extend,
28.3898830414,1580261802.78,409,817,396,455,192,extend,
28.4103739262,1580261802.8,411,818,398,454,192,extend,
28.4350140095,1580261802.83,409,819,397,456,188,extend,
28.4555249214,1580261802.85,410,819,398,454,190,extend,
28.4799890518,1580261802.87,408,818,398,456,194,extend,
28.5046629906,1580261802.89,409,816,398,458,192,extend,
28.5251479149,1580261802.92,407,818,400,456,192,extend,
28.5498149395,1580261802.94,406,817,399,455,192,extend,
28.5703721046,1580261802.96,410,818,396,456,193,extend,
28.5948300362,1580261802.98,409,819,398,456,193,extend,
28.6152350903,1580261803.01,409,818,399,456,192,extend,
28.6398620605,1580261803.03,409,820,398,451,189,extend,
28.6646020412,1580261803.05,409,819,396,452,192,extend,
28.6848831177,1580261803.07,410,818,396,450,190,extend,
28.709346056,1580261803.1,407,819,398,443,191,extend,
28.7300419807,1580261803.12,409,816,394,448,193,extend,
28.7545080185,1580261803.14,408,818,392,447,191,extend,
28.7789430618,1580261803.17,409,818,389,447,192,extend,
28.7996199131,1580261803.19,405,817,397,447,191,extend,
28.824048996,1580261803.21,407,819,394,445,186,extend,
28.8446199894,1580261803.23,408,820,400,455,190,extend,
28.8693060875,1580261803.26,408,821,403,466,188,extend,
28.8939111233,1580261803.28,406,825,402,478,191,extend,
28.9144639969,1580261803.3,405,825,418,494,191,extend,
28.938847065,1580261803.33,405,825,412,511,190,extend,
28.9595170021,1580261803.35,404,826,418,521,191,extend,
28.9839570522,1580261803.37,405,828,418,534,191,extend,
29.0045030117,1580261803.39,403,830,429,548,190,extend,
29.0293450356,1580261803.42,404,834,439,563,197,extend,
29.0534989834,1580261803.44,406,839,451,580,199,extend,
29.0740380287,1580261803.46,404,843,456,591,200,extend,
29.0988121033,1580261803.49,407,849,465,601,201,extend,
29.1193950176,1580261803.51,404,851,471,606,202,extend,
29.1436281204,1580261803.53,404,852,474,609,203,extend,
29.1685500145,1580261803.56,406,855,480,614,202,extend,
29.1888129711,1580261803.58,405,857,483,616,202,extend,
29.2134609222,1580261803.6,408,858,488,618,205,extend,
29.234251976,1580261803.62,408,858,490,620,207,extend,
29.2586750984,1580261803.65,405,859,486,619,208,extend,
29.2832341194,1580261803.67,407,858,491,623,206,extend,
29.3035199642,1580261803.69,407,858,491,621,207,extend,
29.3282980919,1580261803.72,406,856,491,620,207,extend,
29.3487930298,1580261803.74,406,859,488,620,209,extend,
29.3730881214,1580261803.76,405,859,490,620,206,extend,
29.393640995,1580261803.78,406,859,493,623,210,extend,
29.4182670116,1580261803.81,405,861,494,623,206,extend,
29.4432249069,1580261803.83,405,860,489,623,205,extend,
29.4632480145,1580261803.85,407,860,491,622,211,extend,
29.4878079891,1580261803.88,407,860,494,623,209,extend,
29.5083770752,1580261803.9,405,857,494,622,208,extend,
29.5330140591,1580261803.92,408,859,493,624,207,extend,
29.5573880672,1580261803.95,405,860,492,622,208,extend,
29.5779471397,1580261803.97,406,860,494,625,209,extend,
29.6025350094,1580261803.99,406,860,494,625,205,extend,
29.6230049133,1580261804.01,404,859,492,625,207,extend,
29.6478459835,1580261804.04,407,857,499,624,207,extend,
30.8690581322,1580261805.26,406,859,493,624,209,fist,
30.8700380325,1580261805.26,402,859,497,623,209,fist,
30.8706099987,1580261805.26,404,860,492,622,203,fist,
30.8711440563,1580261805.26,403,859,494,622,208,fist,
30.871669054,1580261805.26,407,857,495,625,208,fist,
30.8724329472,1580261805.26,406,857,496,625,205,fist,
30.8735461235,1580261805.26,408,861,499,623,205,fist,
30.8742470741,1580261805.26,407,860,493,628,209,fist,
30.8747460842,1580261805.26,405,859,497,624,209,fist,
30.8752269745,1580261805.27,406,860,496,626,208,fist,
30.8757100105,1580261805.27,402,859,496,624,207,fist,
30.8761599064,1580261805.27,403,859,495,624,207,fist,
30.876609087,1580261805.27,403,859,497,626,206,fist,
30.8770580292,1580261805.27,405,856,497,626,206,fist,
30.877507925,1580261805.27,402,857,495,623,209,fist,
30.8780050278,1580261805.27,404,860,496,628,208,fist,
30.8784761429,1580261805.27,405,858,496,625,209,fist,
30.8789470196,1580261805.27,405,860,497,622,208,fist,
30.879420042,1580261805.27,404,859,497,626,207,fist,
30.8798899651,1580261805.27,405,859,496,624,208,fist,
30.8803629875,1580261805.27,404,861,495,627,210,fist,
30.88083601,1580261805.27,404,859,497,626,207,fist,
30.881360054,1580261805.27,404,859,498,625,208,fist,
30.8819100857,1580261805.27,405,860,496,626,209,fist,
30.8823981285,1580261805.27,405,859,497,626,209,fist,
30.8828539848,1580261805.27,403,860,492,625,209,fist,
30.8832991123,1580261805.27,406,858,497,624,206,fist,
30.8837430477,1580261805.27,404,859,496,626,208,fist,
30.8841841221,1580261805.27,404,859,496,627,208,fist,
30.8846521378,1580261805.27,406,860,499,624,209,fist,
30.8851149082,1580261805.28,402,857,498,624,203,fist,
30.8855791092,1580261805.28,405,859,496,625,208,fist,
30.8863170147,1580261805.28,405,860,496,626,209,fist,
30.8868169785,1580261805.28,404,859,496,625,208,fist,
30.8872919083,1580261805.28,402,857,495,619,209,fist,
30.887761116,1580261805.28,405,858,497,626,207,fist,
30.8882319927,1580261805.28,404,860,494,626,209,fist,
30.8887031078,1580261805.28,404,860,500,621,207,fist,
30.8895819187,1580261805.28,404,859,501,626,208,fist,
30.8906259537,1580261805.28,404,860,497,624,209,fist,
30.891119957,1580261805.28,404,861,498,626,209,fist,
30.8915910721,1580261805.28,404,859,498,623,208,fist,
30.8920590878,1580261805.28,403,858,501,627,211,fist,
30.8925249577,1580261805.28,405,861,498,627,208,fist,
30.892991066,1580261805.28,405,861,502,626,209,fist,
30.8934569359,1580261805.28,404,862,502,626,209,fist,
30.8939549923,1580261805.28,405,863,503,626,207,fist,
30.8944249153,1580261805.28,407,863,505,626,212,fist,
30.8948941231,1580261805.28,406,863,503,627,211,fist,
30.8953881264,1580261805.29,407,863,506,621,210,fist,
30.8958730698,1580261805.29,406,863,505,620,209,fist,
30.8963561058,1580261805.29,406,863,505,624,213,fist,
30.8968470097,1580261805.29,406,861,505,622,210,fist,
30.8973300457,1580261805.29,405,862,506,620,211,fist,
30.9053769112,1580261805.3,405,861,501,617,212,fist,
30.9297599792,1580261805.32,407,859,504,617,213,fist,
30.9502530098,1580261805.34,404,861,502,617,212,fist,
30.9749231339,1580261805.37,405,861,499,616,212,fist,
30.9995861053,1580261805.39,406,862,498,615,211,fist,
31.0200071335,1580261805.41,406,863,498,619,212,fist,
31.0445239544,1580261805.43,406,862,496,620,212,fist,
31.0653479099,1580261805.46,403,862,495,620,213,fist,
31.0898830891,1580261805.48,404,862,495,618,211,fist,
31.1141300201,1580261805.5,405,861,497,621,212,fist,
31.1348650455,1580261805.52,404,863,495,621,211,fist,
31.1592230797,1580261805.55,404,864,499,620,210,fist,
31.179805994,1580261805.57,401,863,500,623,208,fist,
31.2042961121,1580261805.59,402,864,496,620,210,fist,
31.2292339802,1580261805.62,402,865,501,618,208,fist,
31.2495810986,1580261805.64,403,868,504,614,206,fist,
31.2738420963,1580261805.66,404,869,502,615,208,fist,
31.2944769859,1580261805.68,407,871,502,621,211,fist,
31.3190469742,1580261805.71,408,871,496,617,211,fist,
31.3394939899,1580261805.73,405,873,487,613,209,fist,
31.3643901348,1580261805.75,409,872,480,612,210,fist,
31.3885979652,1580261805.78,410,872,473,607,209,fist,
31.4092919827,1580261805.8,409,874,467,602,208,fist,
31.4337041378,1580261805.82,411,873,470,598,209,fist,
31.4542000294,1580261805.84,407,873,468,594,206,fist,
31.4788329601,1580261805.87,408,874,474,593,208,fist,
31.5032150745,1580261805.89,406,872,476,592,204,fist,
31.5237929821,1580261805.91,405,870,476,591,207,fist,
31.5487470627,1580261805.94,403,873,479,593,208,fist,
31.5691869259,1580261805.96,404,870,483,595,206,fist,
31.5934340954,1580261805.98,402,869,486,600,201,fist,
31.6182949543,1580261806.01,403,864,495,601,205,fist,
31.6385350227,1580261806.03,404,864,494,604,206,fist,
31.6632020473,1580261806.05,402,865,488,605,207,fist,
31.6840369701,1580261806.07,400,868,483,599,205,fist,
31.7081239223,1580261806.1,401,872,481,592,204,fist,
31.7286851406,1580261806.12,404,873,482,586,203,fist,
31.7533380985,1580261806.14,403,872,483,582,203,fist,
31.7777380943,1580261806.17,402,874,488,581,201,fist,
31.7983329296,1580261806.19,400,871,493,580,201,fist,
31.8230469227,1580261806.21,399,873,490,575,201,fist,
31.8433730602,1580261806.23,397,872,492,574,201,fist,
31.8681321144,1580261806.26,399,872,493,574,199,fist,
31.8926339149,1580261806.28,395,872,495,573,202,fist,
31.9129669666,1580261806.3,398,872,493,573,202,fist,
31.937623024,1580261806.33,398,871,493,572,203,fist,
31.9580409527,1580261806.35,396,871,496,572,203,fist,
31.9825820923,1580261806.37,397,871,496,569,201,fist,
32.0071239471,1580261806.4,395,870,495,570,199,fist,
32.0280220509,1580261806.42,397,869,497,573,199,fist,
32.0525720119,1580261806.44,396,869,502,575,199,fist,
32.072838068,1580261806.46,396,871,499,578,197,fist,
32.0977671146,1580261806.49,398,871,493,588,201,fist,
32.1182339191,1580261806.51,400,866,486,591,201,fist,
32.1425111294,1580261806.53,400,861,473,597,202,fist,
32.167001009,1580261806.56,405,853,484,602,203,fist,
32.1875479221,1580261806.58,404,850,479,603,200,fist,
32.2120039463,1580261806.6,405,849,479,603,202,fist,
32.2326231003,1580261806.62,406,845,480,602,199,fist,
32.25704813,1580261806.65,406,845,477,600,203,fist,
32.2819390297,1580261806.67,406,847,478,597,206,fist,
32.3023340702,1580261806.69,407,847,479,600,203,fist,
32.3267121315,1580261806.72,407,848,474,597,204,fist,
32.3472290039,1580261806.74,407,847,480,599,204,fist,
32.371833086,1580261806.76,408,847,479,596,205,fist,
32.3964750767,1580261806.79,407,845,480,596,205,fist,
32.4172050953,1580261806.81,408,843,479,594,206,fist,
32.4413859844,1580261806.83,406,846,478,593,206,fist,
32.4621911049,1580261806.85,409,844,478,592,206,fist,
32.4865460396,1580261806.88,408,844,477,593,205,fist,
32.5070569515,1580261806.9,409,841,478,595,202,fist,
32.531867981,1580261806.92,410,841,482,592,206,fist,
32.5563321114,1580261806.95,411,841,480,594,205,fist,
32.5766201019,1580261806.97,409,840,477,595,203,fist,
32.6015489101,1580261806.99,409,839,481,594,203,fist,
32.6218829155,1580261807.01,409,839,483,595,201,fist,
32.6462481022,1580261807.04,408,838,483,595,206,fist,
32.6707749367,1580261807.06,409,836,483,592,205,fist,
32.6917030811,1580261807.08,407,836,484,595,202,fist,
32.7160770893,1580261807.11,410,837,485,597,203,fist,
32.736618042,1580261807.13,408,837,484,597,204,fist,
32.7614240646,1580261807.15,411,835,486,595,205,fist,
32.785820961,1580261807.18,409,838,485,599,205,fist,
32.8061130047,1580261807.2,408,839,485,601,204,fist,
32.8308329582,1580261807.22,408,839,487,604,206,fist,
32.8514051437,1580261807.24,408,836,485,608,204,fist,
32.8758270741,1580261807.27,407,838,486,609,206,fist,
32.8965051174,1580261807.29,408,838,481,611,202,fist,
32.920869112,1580261807.31,408,837,480,610,205,fist,
32.9452309608,1580261807.34,408,836,481,611,203,fist,
32.9658930302,1580261807.36,408,835,480,610,203,fist,
32.9903781414,1580261807.38,406,834,477,609,202,fist,
33.0108470917,1580261807.4,407,835,479,611,204,fist,
33.035629034,1580261807.43,408,831,478,610,203,fist,
33.0599341393,1580261807.45,409,833,479,608,203,fist,
33.0805261135,1580261807.47,409,834,478,604,204,fist,
33.105175972,1580261807.5,408,834,476,608,203,fist,
33.1257500648,1580261807.52,406,833,476,607,205,fist,
33.1502969265,1580261807.54,409,834,478,603,203,fist,
33.1746790409,1580261807.56,408,833,475,606,204,fist,
33.1954729557,1580261807.59,408,834,477,609,205,fist,
33.2197489738,1580261807.61,403,833,481,607,204,fist,
33.2403240204,1580261807.63,408,836,479,605,204,fist,
33.265130043,1580261807.66,409,833,478,608,207,fist,
33.2853291035,1580261807.68,408,834,480,609,203,fist,
33.3099470139,1580261807.7,408,835,481,604,205,fist,
33.3345141411,1580261807.72,404,832,483,609,204,fist,
33.3550601006,1580261807.75,407,832,480,607,203,fist,
33.3797590733,1580261807.77,408,836,479,610,203,fist,
33.4003829956,1580261807.79,407,837,480,610,204,fist,
33.4245679379,1580261807.81,409,836,484,606,203,fist,
33.4491670132,1580261807.84,409,836,484,610,206,fist,
33.469794035,1580261807.86,408,835,485,610,205,fist,
33.4943220615,1580261807.88,408,834,485,609,205,fist,
33.5147919655,1580261807.9,404,836,486,609,205,fist,
33.5393300056,1580261807.93,406,835,485,610,204,fist,
33.5641510487,1580261807.95,405,836,486,611,202,fist,
33.5847570896,1580261807.97,405,836,488,606,203,fist,
33.6091210842,1580261808.0,406,837,483,612,202,fist,
33.6295199394,1580261808.02,405,837,486,608,208,fist,
33.654045105,1580261808.04,407,833,487,610,205,fist,
33.6745181084,1580261808.06,407,834,486,611,201,fist,
33.699244976,1580261808.09,408,837,490,608,203,fist,
33.7235929966,1580261808.11,406,837,486,609,204,fist,
33.7441110611,1580261808.13,407,835,486,607,204,fist,
33.7690269947,1580261808.16,408,837,489,608,205,fist,
33.7893350124,1580261808.18,404,836,483,610,203,fist,
33.8137450218,1580261808.2,407,837,485,610,205,fist,
33.8382971287,1580261808.23,408,836,484,609,204,fist,
33.8588650227,1580261808.25,408,836,479,610,201,fist,
33.883505106,1580261808.27,408,837,485,611,205,fist,
33.9040119648,1580261808.29,408,839,482,608,204,fist,
33.9289081097,1580261808.32,407,837,483,612,202,fist,
33.9529900551,1580261808.34,404,839,480,608,203,fist,
33.9735569954,1580261808.36,407,839,483,610,206,fist,
33.998292923,1580261808.39,408,841,485,609,205,fist,
34.0189011097,1580261808.41,409,842,486,610,204,fist,
34.0431461334,1580261808.43,407,843,481,609,204,fist,
34.0640449524,1580261808.45,410,843,488,608,205,fist,
34.0882680416,1580261808.48,407,842,487,608,205,fist,
34.1129579544,1580261808.5,408,842,486,608,205,fist,
34.1337819099,1580261808.52,404,842,488,606,205,fist,
34.1578691006,1580261808.55,410,843,486,607,207,fist,
34.1785860062,1580261808.57,408,841,485,605,205,fist,
34.202960968,1580261808.59,410,841,485,606,205,fist,
34.227836132,1580261808.62,410,841,485,603,203,fist,
34.2480409145,1580261808.64,407,839,484,605,207,fist,
34.2728259563,1580261808.66,409,842,486,605,204,fist,
34.2931931019,1580261808.68,409,843,487,603,205,fist,
34.3180091381,1580261808.71,412,843,488,604,203,fist,
34.3422191143,1580261808.73,408,846,488,601,205,fist,
34.3629701138,1580261808.75,410,845,488,605,207,fist,
34.387305975,1580261808.78,410,844,487,605,205,fist,
34.4077899456,1580261808.8,409,846,482,601,207,fist,
34.4325969219,1580261808.82,411,847,486,601,207,fist,
34.452796936,1580261808.84,410,845,484,602,205,fist,
34.4772250652,1580261808.87,411,845,485,601,205,fist,
34.5018420219,1580261808.89,411,843,486,604,203,fist,
34.5226130486,1580261808.91,407,846,484,600,204,fist,
34.546929121,1580261808.94,409,843,486,603,206,fist,
34.5677750111,1580261808.96,409,845,486,604,206,fist,
34.5924141407,1580261808.98,408,846,482,603,206,fist,
34.6166360378,1580261809.01,409,846,486,604,204,fist,
34.6372170448,1580261809.03,408,845,485,606,204,fist,
34.6618909836,1580261809.05,410,843,489,602,206,fist,
34.6824269295,1580261809.07,406,844,489,600,206,fist,
34.7068109512,1580261809.1,408,844,485,603,205,fist,
34.7314929962,1580261809.12,409,843,486,605,206,fist,
34.7523479462,1580261809.14,410,840,488,603,205,fist,
34.77678895,1580261809.17,409,842,484,604,205,fist,
34.7974090576,1580261809.19,412,841,489,606,204,fist,
34.8215551376,1580261809.21,409,839,488,605,206,fist,
34.8422520161,1580261809.23,409,840,489,606,205,fist,
34.8666779995,1580261809.26,406,838,489,600,205,fist,
34.8914330006,1580261809.28,408,839,489,603,203,fist,
34.9116311073,1580261809.3,410,839,492,605,207,fist,
34.9362690449,1580261809.33,409,839,494,606,207,fist,
34.9568490982,1580261809.35,409,838,492,601,207,fist,
34.9812970161,1580261809.37,407,839,491,607,207,fist,
35.0058529377,1580261809.4,409,838,491,605,206,fist,
35.0263900757,1580261809.42,404,838,492,604,208,fist,
35.0511469841,1580261809.44,407,840,490,599,207,fist,
35.0715129375,1580261809.46,406,838,487,603,205,fist,
35.0962109566,1580261809.49,408,839,491,602,206,fist,
35.120609045,1580261809.51,408,838,488,605,204,fist,
35.1410739422,1580261809.53,404,838,490,604,201,fist,
35.1658680439,1580261809.56,409,840,491,602,208,fist,
35.1862659454,1580261809.58,409,838,490,604,206,fist,
35.2106940746,1580261809.6,409,837,491,606,204,fist,
35.2315039635,1580261809.62,407,839,489,602,204,fist,
35.2561600208,1580261809.65,407,839,491,604,206,fist,
35.2802860737,1580261809.67,410,837,490,607,205,fist,
35.301197052,1580261809.69,408,839,488,604,207,fist,
35.3254749775,1580261809.72,405,835,490,604,205,fist,
35.3463950157,1580261809.74,409,839,494,607,207,fist,
35.3705909252,1580261809.76,408,840,492,605,206,fist,
35.3952219486,1580261809.79,409,840,492,604,205,fist,
35.4155991077,1580261809.81,404,840,496,610,202,fist,
35.4404830933,1580261809.83,408,842,491,614,206,fist,
35.4609510899,1580261809.85,408,843,494,615,206,fist,
35.4851670265,1580261809.88,406,848,499,616,205,fist,
35.509704113,1580261809.9,405,850,500,618,205,fist,
35.5303759575,1580261809.92,407,853,500,624,206,fist,
35.5547859669,1580261809.94,406,854,505,624,206,fist,
35.5755169392,1580261809.97,401,858,506,627,203,fist,
35.6000959873,1580261809.99,407,860,509,627,205,fist,
35.6205160618,1580261810.01,404,860,507,629,204,fist,
35.6449799538,1580261810.04,404,861,506,631,204,fist,
35.6694791317,1580261810.06,404,861,509,629,205,fist,
35.6900579929,1580261810.08,404,859,504,627,203,fist,
35.7150030136,1580261810.11,404,860,502,628,202,fist,
35.7352929115,1580261810.13,404,858,498,627,205,fist,
35.7596480846,1580261810.15,402,858,499,624,203,fist,
35.7846200466,1580261810.17,404,857,497,618,205,fist,
35.8048460484,1580261810.19,405,855,490,614,201,fist,
35.8292679787,1580261810.22,403,854,488,612,201,fist,
35.8499119282,1580261810.24,404,848,488,605,202,fist,
35.8743519783,1580261810.26,402,849,485,601,201,fist,
38.1420369148,1580261812.53,403,847,484,598,203,one,
38.1425690651,1580261812.53,403,848,480,596,202,one,
38.1431219578,1580261812.53,399,848,480,593,200,one,
38.1436560154,1580261812.53,402,847,486,594,200,one,
38.1441469193,1580261812.53,401,849,481,595,201,one,
38.1446349621,1580261812.53,400,847,478,594,202,one,
38.1451189518,1580261812.54,398,847,474,591,197,one,
38.1456050873,1580261812.54,400,845,474,592,200,one,
38.1461629868,1580261812.54,402,842,474,587,201,one,
38.1466851234,1580261812.54,402,844,473,586,196,one,
38.1472110748,1580261812.54,403,845,472,580,198,one,
38.1477339268,1580261812.54,405,842,471,580,197,one,
38.1482539177,1580261812.54,403,841,469,582,199,one,
38.1487760544,1580261812.54,401,843,470,585,199,one,
38.1492960453,1580261812.54,399,842,474,583,200,one,
38.1498451233,1580261812.54,401,844,471,584,197,one,
38.1503710747,1580261812.54,403,843,472,587,200,one,
38.1508970261,1580261812.54,404,843,473,589,199,one,
38.1514189243,1580261812.54,397,844,470,588,197,one,
38.1521201134,1580261812.54,404,846,475,586,201,one,
38.1529099941,1580261812.54,401,845,473,590,199,one,
38.1537060738,1580261812.54,403,845,475,587,199,one,
38.1545801163,1580261812.54,405,845,475,590,198,one,
38.1553680897,1580261812.55,401,846,474,588,198,one,
38.1561670303,1580261812.55,400,846,475,593,199,one,
38.1568360329,1580261812.55,402,848,476,592,197,one,
38.1573550701,1580261812.55,400,847,475,590,199,one,
38.1578519344,1580261812.55,404,847,476,592,200,one,
38.1583189964,1580261812.55,403,845,475,591,201,one,
38.1587789059,1580261812.55,403,847,478,589,199,one,
38.1592690945,1580261812.55,403,847,478,587,199,one,
38.1597659588,1580261812.55,400,847,475,590,196,one,
38.1605100632,1580261812.55,402,847,475,592,201,one,
38.1610019207,1580261812.55,402,848,479,592,200,one,
38.1614739895,1580261812.55,403,845,477,591,196,one,
38.1620750427,1580261812.55,402,847,480,588,202,one,
38.1626639366,1580261812.55,401,847,479,591,201,one,
38.1631519794,1580261812.55,404,844,479,588,201,one,
38.1636230946,1580261812.55,399,844,481,592,196,one,
38.164096117,1580261812.55,400,847,475,590,200,one,
38.1645710468,1580261812.55,403,848,480,591,201,one,
38.1650440693,1580261812.56,401,847,480,593,202,one,
38.165514946,1580261812.56,401,847,480,590,202,one,
38.1658980846,1580261812.56,403,847,482,589,203,one,
38.1662111282,1580261812.56,403,848,477,593,202,one,
38.1665229797,1580261812.56,403,849,480,589,201,one,
38.1668329239,1580261812.56,402,847,477,592,202,one,
38.1671440601,1580261812.56,403,847,480,592,200,one,
38.1674559116,1580261812.56,403,848,479,594,202,one,
38.1677639484,1580261812.56,405,849,483,593,202,one,
38.168074131,1580261812.56,403,848,481,589,200,one,
38.1683859825,1580261812.56,404,848,478,594,203,one,
38.1690480709,1580261812.56,404,848,480,594,202,one,
38.1698300838,1580261812.56,404,843,480,588,202,one,
38.1703259945,1580261812.56,404,850,482,595,203,one,
38.1710140705,1580261812.56,403,847,479,593,202,one,
38.171325922,1580261812.56,401,848,481,591,203,one,
38.1715779305,1580261812.56,404,849,484,593,203,one,
38.171806097,1580261812.56,402,848,481,593,201,one,
38.1720349789,1580261812.56,402,848,480,593,206,one,
38.1722619534,1580261812.56,404,847,480,593,203,one,
38.172522068,1580261812.56,404,847,480,592,203,one,
38.1727490425,1580261812.56,404,849,481,592,202,one,
38.172976017,1580261812.56,403,847,482,593,203,one,
38.1732001305,1580261812.56,403,846,481,596,201,one,
38.1734249592,1580261812.56,404,849,484,591,204,one,
38.1737070084,1580261812.56,404,848,481,591,200,one,
38.1740031242,1580261812.56,404,849,481,591,201,one,
38.1742320061,1580261812.56,403,848,482,593,203,one,
38.1744580269,1580261812.56,403,847,484,594,201,one,
38.1747119427,1580261812.56,405,850,484,592,204,one,
38.1749429703,1580261812.57,403,850,484,597,203,one,
38.1751730442,1580261812.57,402,850,486,600,202,one,
38.1757030487,1580261812.57,404,848,489,594,204,one,
38.1761350632,1580261812.57,405,850,486,596,202,one,
38.1765749454,1580261812.57,402,850,488,598,206,one,
38.1770091057,1580261812.57,404,851,489,600,203,one,
38.1774280071,1580261812.57,403,848,488,600,203,one,
38.177850008,1580261812.57,404,851,491,598,204,one,
38.1782550812,1580261812.57,404,850,486,598,205,one,
38.178686142,1580261812.57,402,851,487,598,205,one,
38.1791100502,1580261812.57,400,850,488,598,205,one,
38.1795649529,1580261812.57,401,850,489,600,202,one,
38.1800160408,1580261812.57,403,851,488,598,206,one,
38.180462122,1580261812.57,403,851,489,596,205,one,
38.180863142,1580261812.57,401,850,488,597,199,one,
38.1812019348,1580261812.57,407,851,490,599,206,one,
38.1815569401,1580261812.57,404,852,487,597,204,one,
38.1819210052,1580261812.57,403,852,490,596,204,one,
38.1822829247,1580261812.57,403,852,492,598,205,one,
38.1826529503,1580261812.57,402,853,489,601,204,one,
38.1830129623,1580261812.57,404,853,491,599,207,one,
38.1833739281,1580261812.57,402,851,492,597,205,one,
38.1837480068,1580261812.57,404,852,491,598,205,one,
38.1841261387,1580261812.57,404,852,492,599,205,one,
38.1844890118,1580261812.57,405,853,489,598,205,one,
38.1848609447,1580261812.57,406,853,491,597,204,one,
38.1852309704,1580261812.58,404,852,491,593,202,one,
38.1856069565,1580261812.58,402,853,490,597,204,one,
38.1859629154,1580261812.58,404,853,491,598,207,one,
38.186729908,1580261812.58,404,853,491,597,204,one,
38.2094340324,1580261812.6,403,853,491,596,204,one,
38.2348270416,1580261812.62,404,854,492,596,205,one,
38.2555410862,1580261812.65,405,853,491,598,206,one,
38.2790939808,1580261812.67,404,853,490,599,204,one,
38.2994470596,1580261812.69,404,851,490,598,205,one,
38.324078083,1580261812.71,403,853,491,598,204,one,
38.3447160721,1580261812.73,405,853,493,599,206,one,
38.3690540791,1580261812.76,403,852,492,598,204,one,
38.3936750889,1580261812.78,404,853,490,590,202,one,
38.4142410755,1580261812.8,403,851,491,591,203,one,
38.4386620522,1580261812.83,403,851,487,594,203,one,
38.4593510628,1580261812.85,402,846,485,591,203,one,
38.4839761257,1580261812.87,400,847,484,588,202,one,
38.5083460808,1580261812.9,402,846,480,584,199,one,
38.528979063,1580261812.92,404,844,480,582,204,one,
38.5535171032,1580261812.94,403,844,478,574,201,one,
38.5740540028,1580261812.96,404,842,477,567,201,one,
38.5987989902,1580261812.99,404,838,470,557,203,one,
38.6231410503,1580261813.01,403,837,466,549,199,one,
38.6437540054,1580261813.03,404,833,462,537,199,one,
38.6685490608,1580261813.06,404,833,461,530,198,one,
38.6890790462,1580261813.08,404,831,453,524,198,one,
38.7133951187,1580261813.1,405,829,450,520,200,one,
38.7338900566,1580261813.12,404,830,446,520,200,one,
38.758450985,1580261813.15,401,828,447,521,199,one,
38.7832260132,1580261813.17,405,833,454,535,198,one,
38.8037040234,1580261813.19,406,840,453,554,198,one,
38.8280260563,1580261813.22,406,845,450,572,202,one,
38.8488121033,1580261813.24,408,851,448,586,199,one,
38.8731451035,1580261813.26,406,851,440,595,200,one,
38.8978040218,1580261813.29,407,852,437,601,202,one,
38.9182360172,1580261813.31,407,853,439,601,197,one,
38.9428830147,1580261813.33,406,852,433,597,200,one,
38.9634029865,1580261813.35,407,853,433,598,201,one,
38.9876599312,1580261813.38,406,852,435,597,200,one,
39.012335062,1580261813.4,406,853,438,591,199,one,
39.0327780247,1580261813.42,404,849,438,592,200,one,
39.0572929382,1580261813.45,405,851,440,591,199,one,
39.077901125,1580261813.47,406,850,440,590,197,one,
39.1025030613,1580261813.49,407,850,442,590,197,one,
39.1233069897,1580261813.51,406,853,440,587,194,one,
39.147906065,1580261813.54,406,852,441,586,198,one,
39.1721260548,1580261813.56,405,852,442,584,197,one,
39.192636013,1580261813.58,404,853,438,580,198,one,
39.2173490524,1580261813.61,407,853,443,578,197,one,
39.2378270626,1580261813.63,406,850,441,576,196,one,
39.2622559071,1580261813.65,406,852,440,577,197,one,
39.2870371342,1580261813.68,406,852,440,574,192,one,
39.3075101376,1580261813.7,406,851,442,574,193,one,
39.3322720528,1580261813.72,406,853,443,574,198,one,
39.3524699211,1580261813.74,407,849,444,572,197,one,
39.3769550323,1580261813.77,407,854,441,574,193,one,
39.4015450478,1580261813.79,404,853,448,571,198,one,
39.4223430157,1580261813.81,408,854,444,574,199,one,
39.4465789795,1580261813.84,407,854,443,574,198,one,
39.4675369263,1580261813.86,406,853,441,573,198,one,
39.4916169643,1580261813.88,407,850,445,571,199,one,
39.5121481419,1580261813.9,407,853,446,573,198,one,
39.5368230343,1580261813.93,408,854,447,573,198,one,
39.5614159107,1580261813.95,407,851,446,572,196,one,
39.5817949772,1580261813.97,404,854,446,574,199,one,
39.6063580513,1580261814.0,407,854,447,576,198,one,
39.6271159649,1580261814.02,406,853,446,577,196,one,
39.6516840458,1580261814.04,405,853,449,576,193,one,
39.6758980751,1580261814.07,405,854,447,574,194,one,
39.6966941357,1580261814.09,407,855,447,577,199,one,
39.7213079929,1580261814.11,408,855,450,577,199,one,
39.7416040897,1580261814.13,407,856,449,574,197,one,
39.7661690712,1580261814.16,404,852,452,581,200,one,
39.7906219959,1580261814.18,407,855,448,579,200,one,
39.8111169338,1580261814.2,406,856,448,579,199,one,
39.8359949589,1580261814.23,408,856,452,574,198,one,
39.8565280437,1580261814.25,406,856,448,577,196,one,
39.8809740543,1580261814.27,407,854,450,580,199,one,
39.9053430557,1580261814.3,408,857,449,580,199,one,
39.9259641171,1580261814.32,405,856,446,579,199,one,
39.9506559372,1580261814.34,407,855,448,581,201,one,
39.9709999561,1580261814.36,406,855,446,579,198,one,
39.9954769611,1580261814.39,406,856,444,578,198,one,
40.0160040855,1580261814.41,408,852,449,578,196,one,
40.040708065,1580261814.43,405,855,447,577,197,one,
40.0651209354,1580261814.46,406,856,448,575,200,one,
40.0856471062,1580261814.48,407,852,450,578,198,one,
40.1101911068,1580261814.5,405,856,449,573,197,one,
40.1308410168,1580261814.52,407,853,453,577,200,one,
40.1555819511,1580261814.55,407,856,452,577,198,one,
40.1800999641,1580261814.57,406,857,447,576,197,one,
40.2002859116,1580261814.59,403,856,454,576,196,one,
40.2248239517,1580261814.61,404,856,451,578,196,one,
40.245552063,1580261814.64,406,854,453,579,200,one,
40.26998806,1580261814.66,406,858,453,580,196,one,
40.2947120667,1580261814.68,403,855,456,577,199,one,
40.3153669834,1580261814.71,409,854,456,578,201,one,
40.3396000862,1580261814.73,408,857,455,578,199,one,
40.3603320122,1580261814.75,405,855,456,579,199,one,
40.384747982,1580261814.77,406,858,454,576,200,one,
40.4053230286,1580261814.8,405,856,455,578,197,one,
40.4300570488,1580261814.82,406,858,454,579,199,one,
40.4543280602,1580261814.84,405,856,457,579,200,one,
40.4747550488,1580261814.86,404,858,456,578,199,one,
40.4996609688,1580261814.89,406,857,458,576,200,one,
40.5201160908,1580261814.91,404,857,458,578,198,one,
40.5446019173,1580261814.93,405,857,458,580,197,one,
40.5689930916,1580261814.96,404,858,461,581,196,one,
40.5899720192,1580261814.98,405,858,458,578,197,one,
40.6142280102,1580261815.0,405,859,456,580,200,one,
40.6345500946,1580261815.02,407,859,458,580,198,one,
40.659263134,1580261815.05,405,858,458,579,198,one,
40.6837940216,1580261815.07,406,857,457,580,199,one,
40.7042860985,1580261815.09,405,857,457,580,195,one,
40.7287359238,1580261815.12,405,857,456,580,197,one,
40.7496011257,1580261815.14,405,859,457,577,197,one,
40.7738890648,1580261815.16,404,857,457,581,198,one,
40.7943899632,1580261815.18,405,857,458,583,198,one,
40.8192079067,1580261815.21,404,859,460,582,196,one,
40.8433971405,1580261815.23,404,856,457,584,199,one,
40.8642201424,1580261815.25,405,858,456,584,199,one,
40.8885719776,1580261815.28,405,858,461,581,200,one,
40.9091129303,1580261815.3,401,859,461,582,198,one,
40.9340379238,1580261815.32,404,859,463,585,199,one,
40.9582629204,1580261815.35,404,857,461,584,197,one,
40.9786851406,1580261815.37,404,858,462,582,200,one,
41.0032730103,1580261815.39,401,858,464,580,199,one,
41.024255991,1580261815.41,400,858,462,584,200,one,
41.0484139919,1580261815.44,405,858,459,587,200,one,
41.0728969574,1580261815.46,404,857,463,587,199,one,
41.0934691429,1580261815.48,404,855,462,587,198,one,
41.1181130409,1580261815.51,405,856,465,586,200,one,
41.138504982,1580261815.53,404,856,464,587,200,one,
41.1633081436,1580261815.55,404,859,463,587,199,one,
41.1837849617,1580261815.57,405,855,464,587,201,one,
41.2087090015,1580261815.6,401,858,467,586,198,one,
41.2326951027,1580261815.62,404,858,465,591,200,one,
41.253647089,1580261815.64,405,859,465,588,201,one,
41.2777869701,1580261815.67,403,859,462,589,201,one,
41.2982780933,1580261815.69,404,859,468,589,199,one,
41.323084116,1580261815.71,404,859,465,590,201,one,
41.3473670483,1580261815.74,403,858,465,591,198,one,
41.3679890633,1580261815.76,400,858,466,589,200,one,
41.3924210072,1580261815.78,403,857,465,586,203,one,
41.4129829407,1580261815.8,404,858,467,589,199,one,
41.4376399517,1580261815.83,405,857,468,589,197,one,
41.4620940685,1580261815.85,403,859,468,587,201,one,
41.4898729324,1580261815.88,404,856,469,588,198,one,
41.5073900223,1580261815.9,404,858,466,588,200,one,
41.5276789665,1580261815.92,403,859,465,589,200,one,
41.5522050858,1580261815.94,401,859,465,587,201,one,
41.5731520653,1580261815.96,403,858,466,587,198,one,
41.5976200104,1580261815.99,403,857,465,589,201,one,
41.621981144,1580261816.01,404,859,468,589,199,one,
41.6424341202,1580261816.03,403,857,468,589,195,one,
41.6671450138,1580261816.06,405,858,468,588,200,one,
41.6875309944,1580261816.08,404,859,468,587,200,one,
41.712002039,1580261816.1,402,859,468,591,196,one,
41.7365911007,1580261816.13,402,856,466,588,201,one,
41.7574751377,1580261816.15,400,857,466,588,198,one,
41.7816679478,1580261816.17,404,857,467,588,201,one,
41.8023869991,1580261816.19,404,858,464,589,201,one,
41.8267760277,1580261816.22,402,856,468,589,195,one,
41.8512430191,1580261816.24,404,859,466,590,202,one,
41.8721821308,1580261816.26,404,858,468,589,201,one,
41.8965051174,1580261816.29,403,857,468,590,197,one,
41.9168610573,1580261816.31,403,858,467,588,201,one,
41.9415960312,1580261816.33,402,859,466,589,197,one,
41.9619510174,1580261816.35,402,858,466,588,200,one,
41.9865701199,1580261816.38,403,859,469,585,199,one,
42.010997057,1580261816.4,398,859,462,587,198,one,
42.0319459438,1580261816.42,401,859,466,588,200,one,
42.0564579964,1580261816.45,401,858,462,588,198,one,
42.0767290592,1580261816.47,399,857,465,587,200,one,
42.1012210846,1580261816.49,402,855,468,590,198,one,
42.1256740093,1580261816.52,399,856,467,590,198,one,
42.1464560032,1580261816.54,401,857,472,595,201,one,
42.1709280014,1580261816.56,401,857,476,602,199,one,
42.1916329861,1580261816.58,401,857,480,602,196,one,
42.2158689499,1580261816.61,402,858,483,604,202,one,
42.2404289246,1580261816.63,402,859,485,611,200,one,
42.2610781193,1580261816.65,400,856,487,612,200,one,
42.2856099606,1580261816.68,399,859,491,616,201,one,
42.3063681126,1580261816.7,400,860,491,618,200,one,
42.3308680058,1580261816.72,401,859,494,624,203,one,
42.3513031006,1580261816.74,396,860,494,626,202,one,
42.3756930828,1580261816.77,397,860,502,628,203,one,
42.4001669884,1580261816.79,402,862,499,630,205,one,
42.4211270809,1580261816.81,399,864,501,631,203,one,
42.44551301,1580261816.84,400,861,501,632,204,one,
42.4658889771,1580261816.86,400,866,500,632,202,one,
42.4902000427,1580261816.88,400,865,502,633,204,one,
42.5151460171,1580261816.91,398,866,504,634,204,one,
42.5356171131,1580261816.93,402,867,506,631,203,one,
42.5599839687,1580261816.95,398,865,506,634,203,one,
42.5804920197,1580261816.97,400,865,507,636,207,one,
42.6051139832,1580261817.0,399,866,508,636,205,one,
42.6296260357,1580261817.02,399,865,506,636,205,one,
42.650124073,1580261817.04,398,866,511,637,207,one,
42.6746571064,1580261817.06,399,866,507,635,204,one,
42.6951980591,1580261817.09,399,866,508,636,205,one,
42.7198469639,1580261817.11,398,867,513,634,203,one,
42.7405509949,1580261817.13,396,864,511,638,207,one,
42.7650051117,1580261817.16,399,866,510,637,206,one,
42.7896780968,1580261817.18,397,866,510,636,204,one,
42.8099629879,1580261817.2,397,866,512,631,203,one,
42.8346009254,1580261817.22,397,863,513,635,204,one,
42.8554239273,1580261817.25,399,866,509,635,204,one,
42.8795509338,1580261817.27,398,865,511,635,205,one,
42.9044020176,1580261817.29,400,865,510,636,203,one,
42.9247770309,1580261817.31,398,865,506,637,204,one,
42.9492521286,1580261817.34,397,864,509,636,204,one,
42.9701111317,1580261817.36,397,865,507,634,205,one,
42.9941859245,1580261817.38,400,865,509,634,202,one,
43.0187649727,1580261817.41,397,866,510,634,204,one,
43.0393650532,1580261817.43,398,866,510,635,205,one,
43.06417799,1580261817.45,399,866,509,635,204,one,
43.0844581127,1580261817.47,397,866,506,633,206,one,
43.1091611385,1580261817.5,397,866,511,632,203,one,
43.1294870377,1580261817.52,398,866,510,636,204,one,
43.1540091038,1580261817.54,399,866,510,635,204,one,
