delta Time, Unix Time, pr1, pr2, pr3, pr4, pr5, label
1.81384086609,1580262588.02,422,882,559,675,303,extend,
1.81459879875,1580262588.02,420,882,559,675,301,extend,
1.81524181366,1580262588.02,419,880,558,673,297,extend,
1.81580281258,1580262588.02,422,882,557,674,302,extend,
1.81630587578,1580262588.02,421,882,559,675,303,extend,
1.8172287941,1580262588.03,422,882,559,675,303,extend,
1.81776380539,1580262588.03,420,882,559,675,301,extend,
1.81829881668,1580262588.03,419,880,558,673,297,extend,
1.81882691383,1580262588.03,422,882,557,674,302,extend,
1.81938290596,1580262588.03,421,882,559,675,303,extend,
1.82008099556,1580262588.03,419,880,5419,880,556,extend,
1.82060980797,1580262588.03,419,880,557,667,300,extend,
1.82113289833,1580262588.03,417,879,556,664,297,extend,
1.82166194916,1580262588.03,417,880,556,665,295,extend,
1.82218384743,1580262588.03,419,881,557,668,300,extend,
1.82270979881,1580262588.03,417,880,555,666,297,extend,
1.82326292992,1580262588.03,418,879,554,665,296,extend,
1.82398200035,1580262588.03,419,881,556,668,298,extend,
1.82477879524,1580262588.03,418,879,556,667,299,extend,
1.83223485947,1580262588.04,418,880,555,666,296,extend,
1.85291481018,1580262588.06,417,881,554,665,296,extend,
1.87746191025,1580262588.09,420,880,557,667,298,extend,
1.90222883224,1580262588.11,419,880,556,668,300,extend,
1.9223959446,1580262588.13,418,880,556,666,297,extend,
1.94700098038,1580262588.16,419,879,555,666,296,extend,
1.96758198738,1580262588.18,419,881,555,667,300,extend,
1.99205780029,1580262588.2,418,880,556,667,300,extend,
2.01662683487,1580262588.23,417,881,556,664,297,extend,
2.03714585304,1580262588.25,417,880,556,665,295,extend,
2.06166195869,1580262588.27,418,879,556,667,300,extend,
2.08222985268,1580262588.29,417,880,555,668,299,extend,
2.10681390762,1580262588.32,417,879,555,665,295,extend,
2.13142800331,1580262588.34,418,880,554,666,295,extend,
2.15165495872,1580262588.36,419,881,556,667,300,extend,
2.17623591423,1580262588.38,419,880,556,667,301,extend,
2.19677090645,1580262588.41,417,880,556,666,297,extend,
2.22145485878,1580262588.43,419,880,555,665,298,extend,
2.24240279198,1580262588.45,419,880,556,667,299,extend,
2.26651787758,1580262588.48,418,881,556,667,300,extend,
2.29105091095,1580262588.5,417,880,555,666,297,extend,
2.31159877777,1580262588.52,418,881,556,665,297,extend,
2.33627486229,1580262588.54,418,880,556,667,300,extend,
2.35660099983,1580262588.57,417,879,555,667,300,extend,
2.38122296333,1580262588.59,416,880,554,665,296,extend,
2.40600800514,1580262588.61,418,881,556,664,297,extend,
2.42639183998,1580262588.63,420,880,556,667,299,extend,
2.45084095001,1580262588.66,419,881,556,667,299,extend,
2.47144579887,1580262588.68,418,879,555,665,297,extend,
2.49585485458,1580262588.7,418,881,554,666,297,extend,
2.52033185959,1580262588.73,419,881,555,667,301,extend,
2.54139089584,1580262588.75,418,880,554,667,298,extend,
2.56544589996,1580262588.77,417,880,551,665,296,extend,
2.58596992493,1580262588.79,418,880,551,663,296,extend,
2.61063480377,1580262588.82,419,879,549,660,298,extend,
2.63108682632,1580262588.84,417,875,543,644,297,extend,
2.65573692322,1580262588.86,416,867,536,617,291,extend,
2.68004584312,1580262588.89,416,860,528,593,291,extend,
2.70061993599,1580262588.91,418,852,519,563,293,extend,
2.72555184364,1580262588.93,417,846,509,534,290,extend,
2.74579977989,1580262588.95,419,840,497,510,287,extend,
2.77066493034,1580262588.98,421,835,493,489,289,extend,
2.79492378235,1580262589.0,423,830,486,475,291,extend,
2.81539297104,1580262589.02,422,828,482,463,288,extend,
2.83999300003,1580262589.05,423,826,478,453,287,extend,
2.86062192917,1580262589.07,424,826,476,449,288,extend,
2.88509678841,1580262589.09,424,825,474,448,292,extend,
2.90953087807,1580262589.12,425,824,473,444,289,extend,
2.93012285233,1580262589.14,423,825,471,439,286,extend,
2.95478582382,1580262589.16,426,825,470,439,290,extend,
2.97550487518,1580262589.18,427,826,469,439,290,extend,
2.99969792366,1580262589.21,426,824,468,436,287,extend,
3.02020978928,1580262589.23,428,823,467,433,287,extend,
3.0448307991,1580262589.25,427,826,466,435,287,extend,
3.0694668293,1580262589.28,430,825,467,435,292,extend,
3.09006094933,1580262589.3,429,824,463,433,287,extend,
3.11446380615,1580262589.32,427,824,463,431,287,extend,
3.13497877121,1580262589.34,429,824,464,433,290,extend,
3.15944099426,1580262589.37,430,824,462,435,291,extend,
3.18391895294,1580262589.39,428,822,459,432,289,extend,
3.20466589928,1580262589.41,428,823,459,426,287,extend,
3.22908878326,1580262589.44,428,822,459,425,288,extend,
3.24961185455,1580262589.46,431,821,458,424,292,extend,
3.27410387993,1580262589.48,428,822,458,420,288,extend,
3.29883098602,1580262589.51,429,821,457,419,287,extend,
3.31916189194,1580262589.53,431,822,458,423,290,extend,
3.34372186661,1580262589.55,430,822,456,427,290,extend,
3.36445879936,1580262589.57,429,821,456,423,288,extend,
3.38883280754,1580262589.6,429,821,453,421,287,extend,
3.40953087807,1580262589.62,430,821,454,424,288,extend,
3.43388080597,1580262589.64,430,822,455,426,289,extend,
3.45849299431,1580262589.67,429,822,454,424,285,extend,
3.47900891304,1580262589.69,428,821,453,422,284,extend,
3.50379896164,1580262589.71,429,822,455,424,291,extend,
3.52408981323,1580262589.73,429,822,454,426,290,extend,
3.54852700233,1580262589.76,429,819,454,423,286,extend,
3.57341480255,1580262589.78,426,822,455,422,286,extend,
3.59366679192,1580262589.8,430,822,455,426,289,extend,
3.61831092834,1580262589.83,430,823,456,429,291,extend,
3.63905000687,1580262589.85,426,823,455,430,287,extend,
3.66319990158,1580262589.87,429,822,457,428,286,extend,
3.68774986267,1580262589.9,430,823,456,433,289,extend,
3.70827388763,1580262589.92,430,822,456,434,290,extend,
3.73280477524,1580262589.94,428,822,456,432,287,extend,
3.75333094597,1580262589.96,428,821,455,432,285,extend,
3.77803683281,1580262589.99,429,823,456,435,288,extend,
3.79866600037,1580262590.01,429,822,456,437,290,extend,
3.82345700264,1580262590.03,424,823,455,435,286,extend,
3.8474779129,1580262590.06,428,822,455,436,286,extend,
3.8680999279,1580262590.08,430,823,456,438,288,extend,
3.89269185066,1580262590.1,429,824,457,439,289,extend,
3.91320180893,1580262590.12,429,823,457,438,286,extend,
3.93778991699,1580262590.15,426,824,456,435,287,extend,
3.9621989727,1580262590.17,429,822,457,437,288,extend,
3.98281478882,1580262590.19,428,822,456,436,290,extend,
4.00766587257,1580262590.22,427,822,453,432,286,extend,
4.02800679207,1580262590.24,428,821,456,430,286,extend,
4.05261683464,1580262590.26,430,823,454,433,289,extend,
4.07694578171,1580262590.29,429,823,454,433,289,extend,
4.09747195244,1580262590.31,428,821,454,431,286,extend,
4.12201881409,1580262590.33,427,823,450,432,285,extend,
4.14254999161,1580262590.35,429,821,452,432,287,extend,
4.16708183289,1580262590.38,428,823,452,435,286,extend,
4.18775081635,1580262590.4,428,822,450,432,284,extend,
4.21219182014,1580262590.42,428,821,449,432,285,extend,
4.23690199852,1580262590.45,430,823,451,436,289,extend,
4.25720596313,1580262590.47,428,822,452,436,287,extend,
4.28194284439,1580262590.49,425,822,451,433,286,extend,
4.30255293846,1580262590.51,427,821,452,435,286,extend,
4.32682800293,1580262590.54,429,822,452,438,289,extend,
4.3513469696,1580262590.56,428,823,452,438,288,extend,
4.37195491791,1580262590.58,428,820,451,437,285,extend,
4.39649486542,1580262590.61,428,823,451,436,286,extend,
4.4169948101,1580262590.63,428,822,452,440,288,extend,
4.44191884995,1580262590.65,429,820,451,439,289,extend,
4.46613097191,1580262590.67,428,822,449,437,286,extend,
4.48696088791,1580262590.7,427,822,451,437,287,extend,
4.51109290123,1580262590.72,430,822,452,438,290,extend,
4.53166484833,1580262590.74,429,821,449,437,288,extend,
4.5564699173,1580262590.77,426,821,446,432,286,extend,
4.57672190666,1580262590.79,428,822,448,434,287,extend,
4.60133290291,1580262590.81,430,821,449,437,290,extend,
4.6261818409,1580262590.83,429,820,449,435,288,extend,
4.6462187767,1580262590.85,427,821,448,434,284,extend,
4.67087888718,1580262590.88,428,821,448,435,288,extend,
4.69136285782,1580262590.9,429,821,449,436,290,extend,
4.71602892876,1580262590.92,427,821,446,435,287,extend,
4.7407310009,1580262590.95,427,822,447,431,285,extend,
4.76120495796,1580262590.97,429,821,448,430,286,extend,
4.78585290909,1580262590.99,430,823,449,434,290,extend,
4.80651593208,1580262591.02,429,821,450,432,288,extend,
4.83073878288,1580262591.04,428,822,448,432,285,extend,
4.85508179665,1580262591.06,428,823,449,435,286,extend,
4.8759059906,1580262591.08,429,824,451,440,290,extend,
4.90040898323,1580262591.11,428,824,454,443,289,extend,
4.92084479332,1580262591.13,426,829,458,445,286,extend,
4.94539284706,1580262591.15,427,832,464,456,288,extend,
4.96590590477,1580262591.17,426,836,471,469,289,extend,
4.99058699608,1580262591.2,425,837,477,475,289,extend,
5.0149679184,1580262591.22,422,842,478,484,284,extend,
5.03555297852,1580262591.24,424,844,488,501,288,extend,
5.05996584892,1580262591.27,423,849,497,520,288,extend,
5.08062577248,1580262591.29,421,854,500,534,287,extend,
5.10532188416,1580262591.31,420,855,505,539,286,extend,
5.12962293625,1580262591.34,420,856,505,545,289,extend,
5.15028977394,1580262591.36,421,857,508,553,293,extend,
5.17500686646,1580262591.38,419,859,511,557,288,extend,
5.19530487061,1580262591.4,419,860,512,564,288,extend,
5.21986293793,1580262591.43,418,859,516,569,293,extend,
5.24431180954,1580262591.45,420,861,516,573,294,extend,
5.2651078701,1580262591.47,418,860,516,576,293,extend,
5.28944897652,1580262591.5,419,862,518,580,291,extend,
5.31005978584,1580262591.52,418,864,519,586,294,extend,
5.3344399929,1580262591.54,419,864,522,590,298,extend,
5.35505080223,1580262591.56,419,865,522,594,294,extend,
5.37954998016,1580262591.59,417,865,525,600,295,extend,
5.40424585342,1580262591.61,419,867,530,609,300,extend,
5.42476987839,1580262591.63,419,870,535,620,299,extend,
5.44916200638,1580262591.66,416,872,538,628,299,extend,
5.46980190277,1580262591.68,416,874,543,635,296,extend,
5.49426484108,1580262591.7,417,876,546,642,301,extend,
5.51871800423,1580262591.73,416,879,549,647,303,extend,
5.53960800171,1580262591.75,415,880,553,649,299,extend,
5.56385588646,1580262591.77,415,880,552,649,299,extend,
5.58459877968,1580262591.79,418,881,556,651,304,extend,
5.60886383057,1580262591.82,418,882,556,655,304,extend,
5.63368797302,1580262591.84,417,882,557,654,301,extend,
5.65390181541,1580262591.86,418,883,558,655,302,extend,
5.6786108017,1580262591.89,418,882,559,655,304,extend,
5.69940090179,1580262591.91,418,883,561,656,306,extend,
5.72370481491,1580262591.93,415,883,560,656,302,extend,
5.7443189621,1580262591.95,416,883,561,654,301,extend,
5.76864886284,1580262591.98,419,884,561,656,306,extend,
5.79317998886,1580262592.0,419,884,561,657,305,extend,
5.8137447834,1580262592.02,417,884,561,655,303,extend,
5.83854579926,1580262592.05,418,885,561,655,303,extend,
5.85906195641,1580262592.07,417,884,562,657,305,extend,
5.88329982758,1580262592.09,418,883,562,658,307,extend,
5.9078848362,1580262592.12,418,885,560,657,301,extend,
5.92846298218,1580262592.14,417,885,562,654,303,extend,
5.95295000076,1580262592.16,420,885,563,657,307,extend,
5.97376585007,1580262592.18,418,886,563,659,306,extend,
5.998087883,1580262592.21,417,885,561,657,304,extend,
6.02260994911,1580262592.23,418,884,562,657,303,extend,
6.0432498455,1580262592.25,419,885,562,658,305,extend,
6.06775188446,1580262592.28,419,884,562,659,306,extend,
6.08822178841,1580262592.3,416,885,563,657,303,extend,
6.11278986931,1580262592.32,417,885,563,658,303,extend,
6.13357496262,1580262592.34,419,885,562,660,306,extend,
6.15779995918,1580262592.37,418,885,563,660,306,extend,
6.18241500854,1580262592.39,417,885,563,659,303,extend,
6.20328187943,1580262592.41,417,885,560,658,303,extend,
6.22744679451,1580262592.44,419,883,563,659,306,extend,
6.24813389778,1580262592.46,419,885,562,660,304,extend,
6.27271080017,1580262592.48,417,885,562,658,300,extend,
6.29693198204,1580262592.51,416,884,562,659,304,extend,
6.31757879257,1580262592.53,420,886,563,661,306,extend,
6.34206295013,1580262592.55,418,885,564,660,306,extend,
6.36245584488,1580262592.57,418,885,562,660,303,extend,
6.38713598251,1580262592.6,417,885,563,659,305,extend,
6.41170477867,1580262592.62,419,886,563,661,306,extend,
6.43224596977,1580262592.64,419,885,563,661,305,extend,
6.45677185059,1580262592.67,418,884,563,658,303,extend,
6.47734999657,1580262592.69,418,885,561,659,304,extend,
6.50192785263,1580262592.71,419,885,563,660,307,extend,
6.52267789841,1580262592.73,418,885,563,661,305,extend,
6.5468249321,1580262592.76,417,884,562,658,302,extend,
6.57137084007,1580262592.78,420,885,562,660,304,extend,
6.59211492538,1580262592.8,418,885,562,661,306,extend,
6.61642384529,1580262592.83,419,883,563,659,305,extend,
6.63697981834,1580262592.85,417,885,562,657,300,extend,
6.66165184975,1580262592.87,418,884,562,658,303,extend,
6.68621683121,1580262592.89,420,884,564,661,307,extend,
6.70651197433,1580262592.92,418,885,564,660,305,extend,
6.73106384277,1580262592.94,418,883,561,657,301,extend,
6.75169682503,1580262592.96,418,885,560,660,304,extend,
6.77621078491,1580262592.98,419,885,564,661,307,extend,
6.80098390579,1580262593.01,417,886,561,661,305,extend,
6.82136082649,1580262593.03,416,885,560,659,303,extend,
8.09380888939,1580262594.3,418,884,561,659,304,fist,
8.0945379734,1580262594.3,419,885,563,661,307,fist,
8.09506583214,1580262594.3,418,885,563,659,305,fist,
8.09559488297,1580262594.3,415,885,562,659,304,fist,
8.09614777565,1580262594.3,419,884,563,659,304,fist,
8.09713697433,1580262594.31,419,884,563,660,307,fist,
8.09808182716,1580262594.31,416,885,562,660,304,fist,
8.09858584404,1580262594.31,416,882,560,659,300,fist,
8.0990729332,1580262594.31,419,885,561,660,303,fist,
8.09960794449,1580262594.31,419,885,563,661,308,fist,
8.10008382797,1580262594.31,416,884,563,660,305,fist,
8.10055685043,1580262594.31,416,884,563,660,303,fist,
8.10102796555,1580262594.31,420,885,563,660,308,fist,
8.10149788857,1580262594.31,419,885,562,662,307,fist,
8.10196781158,1580262594.31,417,884,563,661,303,fist,
8.10243582726,1580262594.31,417,884,561,659,302,fist,
8.10290694237,1580262594.31,418,884,562,660,304,fist,
8.10341477394,1580262594.31,418,885,563,661,307,fist,
8.10389494896,1580262594.31,418,885,562,661,302,fist,
8.10436296463,1580262594.31,416,883,561,659,303,fist,
8.10483694077,1580262594.31,419,885,564,660,305,fist,
8.10531783104,1580262594.31,418,885,563,661,306,fist,
8.10590696335,1580262594.31,416,884,562,659,305,fist,
8.10642695427,1580262594.32,416,885,561,659,300,fist,
8.10689687729,1580262594.32,418,882,562,659,305,fist,
8.10757780075,1580262594.32,419,884,562,661,306,fist,
8.10846996307,1580262594.32,418,885,563,658,304,fist,
8.10927581787,1580262594.32,418,885,564,659,303,fist,
8.11014890671,1580262594.32,418,885,562,661,306,fist,
8.11132884026,1580262594.32,419,884,562,661,307,fist,
8.1118748188,1580262594.32,417,883,563,661,305,fist,
8.11237597466,1580262594.32,417,884,563,659,304,fist,
8.11294388771,1580262594.32,417,884,563,660,306,fist,
8.11385178566,1580262594.32,419,884,563,661,307,fist,
8.11455893517,1580262594.32,417,884,562,660,302,fist,
8.11502599716,1580262594.32,417,885,561,659,304,fist,
8.11553287506,1580262594.32,419,885,563,661,305,fist,
8.11598181725,1580262594.32,419,884,563,661,307,fist,
8.11644983292,1580262594.33,415,885,562,660,304,fist,
8.11691880226,1580262594.33,417,884,562,658,302,fist,
8.11738681793,1580262594.33,416,885,561,661,305,fist,
8.11785292625,1580262594.33,418,883,563,661,307,fist,
8.11831879616,1580262594.33,417,884,561,660,302,fist,
8.11878681183,1580262594.33,417,885,562,661,301,fist,
8.11928796768,1580262594.33,419,885,563,662,306,fist,
8.11978697777,1580262594.33,418,886,562,663,305,fist,
8.12025785446,1580262594.33,417,884,562,662,304,fist,
8.12072396278,1580262594.33,417,885,561,663,302,fist,
8.12119293213,1580262594.33,419,884,562,664,306,fist,
8.12166190147,1580262594.33,418,885,562,665,306,fist,
8.12202787399,1580262594.33,418,886,561,663,303,fist,
8.12233686447,1580262594.33,418,886,560,663,302,fist,
8.12264680862,1580262594.33,420,886,560,666,306,fist,
8.12295484543,1580262594.33,418,886,559,666,305,fist,
8.12328696251,1580262594.33,417,888,555,664,302,fist,
8.12360191345,1580262594.33,418,889,554,660,301,fist,
8.12790679932,1580262594.34,418,891,550,659,302,fist,
8.14868998528,1580262594.36,417,889,544,655,300,fist,
8.17328691483,1580262594.38,417,888,539,650,298,fist,
8.1937417984,1580262594.4,417,888,537,648,295,fist,
8.21819591522,1580262594.43,419,888,535,648,300,fist,
8.24259400368,1580262594.45,418,887,533,645,298,fist,
8.2632060051,1580262594.47,418,887,530,643,293,fist,
8.28774499893,1580262594.5,420,884,529,642,296,fist,
8.30834197998,1580262594.52,423,880,527,639,299,fist,
8.33280181885,1580262594.54,424,875,528,628,301,fist,
8.35759592056,1580262594.57,426,867,526,609,298,fist,
8.37804698944,1580262594.59,428,862,526,602,299,fist,
8.40269589424,1580262594.61,430,859,527,601,304,fist,
8.42301297188,1580262594.63,429,856,527,599,304,fist,
8.44745993614,1580262594.66,430,854,526,591,300,fist,
8.46809577942,1580262594.68,430,852,529,588,302,fist,
8.49278187752,1580262594.7,432,852,528,588,306,fist,
8.51706981659,1580262594.73,433,850,530,584,305,fist,
8.53793597221,1580262594.75,433,851,529,582,301,fist,
8.56222081184,1580262594.77,433,851,530,580,305,fist,
8.58266282082,1580262594.79,436,852,531,577,308,fist,
8.60734295845,1580262594.82,433,852,528,572,305,fist,
8.63189697266,1580262594.84,435,850,526,569,302,fist,
8.65226078033,1580262594.86,435,852,522,570,304,fist,
8.67678284645,1580262594.89,435,853,522,573,305,fist,
8.69754981995,1580262594.91,435,854,519,574,304,fist,
8.72192978859,1580262594.93,433,854,519,573,301,fist,
8.7463748455,1580262594.95,435,854,520,574,302,fist,
8.76721000671,1580262594.98,436,856,523,576,305,fist,
8.79145383835,1580262595.0,435,854,522,575,303,fist,
8.81209492683,1580262595.02,434,855,523,573,300,fist,
8.83684682846,1580262595.05,434,854,523,574,302,fist,
8.85730695724,1580262595.07,435,853,524,574,304,fist,
8.88161182404,1580262595.09,434,855,520,575,301,fist,
8.90664696693,1580262595.12,433,855,524,571,299,fist,
8.92687487602,1580262595.14,435,855,524,575,302,fist,
8.95143699646,1580262595.16,435,856,524,577,304,fist,
8.97190785408,1580262595.18,432,856,527,577,301,fist,
8.99641895294,1580262595.2,433,855,526,576,299,fist,
9.02090477943,1580262595.23,435,854,527,579,303,fist,
9.04170393944,1580262595.25,434,855,528,578,304,fist,
9.0663819313,1580262595.27,433,853,528,578,301,fist,
9.08663892746,1580262595.3,433,854,525,574,298,fist,
9.11107397079,1580262595.32,434,853,527,578,301,fist,
9.13560891151,1580262595.34,434,854,528,580,304,fist,
9.15623092651,1580262595.36,434,851,527,579,301,fist,
9.18058085442,1580262595.39,432,853,527,576,298,fist,
9.20115685463,1580262595.41,434,854,527,578,302,fist,
9.22605490685,1580262595.43,435,854,529,581,303,fist,
9.25023794174,1580262595.46,434,855,527,580,302,fist,
9.27083492279,1580262595.48,434,854,530,579,299,fist,
9.29535889626,1580262595.5,434,855,530,580,303,fist,
9.31600785255,1580262595.52,435,855,531,578,305,fist,
9.34049892426,1580262595.55,433,854,529,574,301,fist,
9.36096382141,1580262595.57,433,853,531,572,298,fist,
9.3857049942,1580262595.59,434,854,531,573,301,fist,
9.40999293327,1580262595.62,434,853,530,573,303,fist,
9.43058395386,1580262595.64,433,853,528,573,300,fist,
9.45532798767,1580262595.66,432,851,530,570,297,fist,
9.47579979897,1580262595.68,432,851,531,572,301,fist,
9.50043988228,1580262595.71,432,848,532,573,303,fist,
9.52466487885,1580262595.73,432,848,531,572,299,fist,
9.54525399208,1580262595.75,432,848,532,571,298,fist,
9.57011198997,1580262595.78,433,850,530,572,301,fist,
9.59055900574,1580262595.8,433,850,532,574,301,fist,
9.61498093605,1580262595.82,430,849,532,572,300,fist,
9.63942980766,1580262595.85,432,849,530,572,297,fist,
9.65999698639,1580262595.87,433,848,532,573,301,fist,
9.68447589874,1580262595.89,433,848,533,576,302,fist,
9.70506381989,1580262595.91,432,849,531,575,297,fist,
9.72957396507,1580262595.94,432,848,533,575,298,fist,
9.75011277199,1580262595.96,434,849,534,577,303,fist,
9.77475595474,1580262595.98,433,847,534,579,303,fist,
9.79913282394,1580262596.01,433,848,534,576,300,fist,
9.81972384453,1580262596.03,432,848,533,577,297,fist,
9.84424686432,1580262596.05,433,847,535,578,302,fist,
9.86480879784,1580262596.07,434,847,535,577,303,fist,
9.8892929554,1580262596.1,428,848,535,579,298,fist,
9.91389298439,1580262596.12,430,847,534,579,302,fist,
9.93448996544,1580262596.14,434,846,535,581,304,fist,
9.95886683464,1580262596.17,432,845,536,580,306,fist,
9.97951889038,1580262596.19,432,842,537,578,303,fist,
10.0039968491,1580262596.21,433,847,537,574,305,fist,
10.0287799835,1580262596.24,434,845,535,573,307,fist,
10.0490570068,1580262596.26,434,847,534,572,307,fist,
10.0738887787,1580262596.28,431,843,534,572,304,fist,
10.0942389965,1580262596.3,434,845,531,572,305,fist,
10.11865592,1580262596.33,435,846,534,573,307,fist,
10.1394979954,1580262596.35,435,846,534,573,307,fist,
10.1637377739,1580262596.37,434,847,536,573,304,fist,
10.18835783,1580262596.4,435,845,536,569,305,fist,
10.2091588974,1580262596.42,433,847,538,574,306,fist,
10.2335209846,1580262596.44,433,846,537,576,308,fist,
10.2541058064,1580262596.46,433,846,536,573,300,fist,
10.2784588337,1580262596.49,431,846,536,572,300,fist,
10.3034718037,1580262596.51,434,848,536,571,306,fist,
10.3234488964,1580262596.53,433,847,536,572,304,fist,
10.348099947,1580262596.56,432,847,536,571,299,fist,
10.3686349392,1580262596.58,431,848,538,571,300,fist,
10.393037796,1580262596.6,433,847,535,573,304,fist,
10.4176058769,1580262596.63,435,850,535,573,303,fist,
10.4382178783,1580262596.65,433,848,537,571,297,fist,
10.4626917839,1580262596.67,432,850,536,572,301,fist,
10.4832777977,1580262596.69,434,850,535,574,304,fist,
10.5079548359,1580262596.72,433,850,540,573,305,fist,
10.5284228325,1580262596.74,432,850,538,573,298,fist,
10.5528829098,1580262596.76,433,851,537,573,305,fist,
10.5773668289,1580262596.79,435,849,538,572,305,fist,
10.5980489254,1580262596.81,433,850,540,575,304,fist,
10.6224989891,1580262596.83,432,847,534,573,304,fist,
10.6428759098,1580262596.85,434,851,537,572,304,fist,
10.6674518585,1580262596.88,434,851,538,572,306,fist,
10.6921257973,1580262596.9,430,849,534,570,306,fist,
10.7127649784,1580262596.92,433,849,534,565,303,fist,
10.7373809814,1580262596.95,435,850,535,571,307,fist,
10.7580289841,1580262596.97,436,850,538,572,308,fist,
10.7821948528,1580262596.99,435,851,534,576,308,fist,
10.807240963,1580262597.02,433,851,539,570,301,fist,
10.8273968697,1580262597.04,434,850,538,573,307,fist,
10.8519628048,1580262597.06,433,851,540,575,310,fist,
10.8724780083,1580262597.08,431,848,539,575,309,fist,
10.8969068527,1580262597.11,434,850,536,573,308,fist,
10.9176969528,1580262597.13,436,850,540,577,309,fist,
10.9423649311,1580262597.15,435,849,540,576,311,fist,
10.9668049812,1580262597.18,430,849,541,573,309,fist,
10.9870398045,1580262597.2,435,845,541,573,306,fist,
11.0118339062,1580262597.22,434,848,540,574,304,fist,
11.0323858261,1580262597.24,435,848,540,577,311,fist,
11.0570218563,1580262597.27,436,847,541,575,308,fist,
11.0812928677,1580262597.29,433,846,542,573,309,fist,
11.1017198563,1580262597.31,436,844,543,577,308,fist,
11.1264929771,1580262597.34,435,844,542,578,310,fist,
11.1468379498,1580262597.36,434,843,544,577,304,fist,
11.1714529991,1580262597.38,433,844,540,573,306,fist,
11.1958949566,1580262597.4,433,843,543,577,307,fist,
11.2164809704,1580262597.43,431,843,544,580,310,fist,
11.2412219048,1580262597.45,433,843,544,576,305,fist,
11.2616608143,1580262597.47,432,843,542,577,303,fist,
11.2860429287,1580262597.49,433,841,544,576,308,fist,
11.3070669174,1580262597.52,434,844,543,578,305,fist,
11.3313570023,1580262597.54,432,843,542,575,304,fist,
11.3558149338,1580262597.56,433,843,546,575,300,fist,
11.3764197826,1580262597.59,432,843,542,578,305,fist,
11.4008219242,1580262597.61,432,842,540,580,304,fist,
11.4215250015,1580262597.63,430,843,539,578,301,fist,
11.4458708763,1580262597.65,431,841,545,578,306,fist,
11.4706349373,1580262597.68,433,843,543,576,310,fist,
11.490888834,1580262597.7,434,843,543,581,307,fist,
11.5153598785,1580262597.72,432,844,545,577,306,fist,
11.5360529423,1580262597.74,433,843,547,578,306,fist,
11.5603687763,1580262597.77,432,842,543,580,310,fist,
11.5850439072,1580262597.79,435,843,546,581,313,fist,
11.6055948734,1580262597.81,435,844,546,580,308,fist,
11.6301259995,1580262597.84,434,845,542,582,310,fist,
11.6507267952,1580262597.86,437,845,546,585,315,fist,
11.6753439903,1580262597.88,434,846,546,587,315,fist,
11.6958599091,1580262597.9,435,846,547,586,313,fist,
11.7202899456,1580262597.93,435,846,542,586,315,fist,
11.7448740005,1580262597.95,437,845,544,586,314,fist,
11.7653398514,1580262597.97,437,843,545,589,316,fist,
11.7899029255,1580262598.0,435,847,547,587,314,fist,
11.8105669022,1580262598.02,435,846,546,588,316,fist,
11.8350069523,1580262598.04,437,845,545,591,318,fist,
11.8595979214,1580262598.07,436,844,547,590,318,fist,
11.8800508976,1580262598.09,434,841,545,588,315,fist,
11.9048428535,1580262598.11,438,844,546,587,314,fist,
11.9252870083,1580262598.13,437,846,544,586,318,fist,
11.9496967793,1580262598.16,437,846,547,584,319,fist,
11.9745459557,1580262598.18,433,846,544,582,317,fist,
11.994756937,1580262598.2,437,846,545,585,316,fist,
12.019204855,1580262598.23,438,846,545,586,319,fist,
12.0398669243,1580262598.25,437,846,543,588,318,fist,
12.0643048286,1580262598.27,435,847,545,583,312,fist,
12.0852799416,1580262598.29,439,845,545,581,315,fist,
12.1097888947,1580262598.32,436,846,545,586,314,fist,
12.1339218616,1580262598.34,436,845,543,588,313,fist,
12.1544709206,1580262598.36,432,844,546,584,311,fist,
12.1790847778,1580262598.39,432,845,545,584,313,fist,
12.1994919777,1580262598.41,436,846,546,587,313,fist,
12.2240669727,1580262598.43,433,846,545,586,312,fist,
12.2486269474,1580262598.46,434,841,545,582,309,fist,
12.2691779137,1580262598.48,434,848,544,583,310,fist,
12.293653965,1580262598.5,434,845,544,586,311,fist,
12.3141667843,1580262598.52,434,846,544,586,310,fist,
12.3394219875,1580262598.55,433,844,545,588,303,fist,
12.3632979393,1580262598.57,432,845,544,593,307,fist,
12.3839018345,1580262598.59,434,847,545,604,314,fist,
12.4084179401,1580262598.62,433,850,547,613,313,fist,
12.4289469719,1580262598.64,433,847,549,622,313,fist,
12.4534268379,1580262598.66,435,855,546,628,314,fist,
12.4742918015,1580262598.68,434,858,547,633,317,fist,
12.4987328053,1580262598.71,434,863,546,640,313,fist,
12.5230457783,1580262598.73,429,864,547,642,311,fist,
12.543751955,1580262598.75,429,865,547,647,312,fist,
12.568171978,1580262598.78,429,870,550,654,315,fist,
12.5886218548,1580262598.8,432,872,553,655,312,fist,
12.6131739616,1580262598.82,429,872,553,653,308,fist,
12.6377058029,1580262598.85,432,871,555,659,310,fist,
12.6583278179,1580262598.87,429,873,552,661,312,fist,
12.6826899052,1580262598.89,430,869,550,660,308,fist,
12.7036988735,1580262598.91,427,873,546,658,306,fist,
12.7277808189,1580262598.94,428,870,539,658,307,fist,
12.75243783,1580262598.96,429,871,539,660,311,fist,
12.7730338573,1580262598.98,425,873,538,658,309,fist,
12.7975039482,1580262599.01,426,872,538,658,306,fist,
12.8180568218,1580262599.03,428,873,539,657,309,fist,
12.8425858021,1580262599.05,429,872,540,660,311,fist,
12.8631949425,1580262599.07,428,871,541,661,306,fist,
12.8876469135,1580262599.1,425,870,542,660,306,fist,
12.9121317863,1580262599.12,427,873,541,662,306,fist,
12.9326999187,1580262599.14,428,873,543,663,311,fist,
12.9573009014,1580262599.17,423,873,542,663,305,fist,
12.9779438972,1580262599.19,427,873,541,658,306,fist,
13.0023539066,1580262599.21,425,873,543,664,308,fist,
13.0268118382,1580262599.24,427,873,543,664,311,fist,
13.0473639965,1580262599.26,427,873,541,664,304,fist,
13.0719079971,1580262599.28,427,871,543,660,309,fist,
13.0925199986,1580262599.3,429,873,542,663,307,fist,
13.1169538498,1580262599.33,430,875,543,665,311,fist,
14.3164358139,1580262600.53,429,874,543,664,304,one,
14.3169898987,1580262600.53,427,874,538,662,307,one,
14.3174488544,1580262600.53,430,873,543,665,310,one,
14.3179008961,1580262600.53,427,873,543,665,310,one,
14.3183529377,1580262600.53,426,875,543,661,307,one,
14.3188028336,1580262600.53,425,874,544,660,305,one,
14.3192679882,1580262600.53,428,875,542,664,308,one,
14.3197619915,1580262600.53,429,872,543,665,309,one,
14.3202347755,1580262600.53,425,873,540,663,302,one,
14.3207039833,1580262600.53,426,876,539,662,304,one,
14.3211779594,1580262600.53,427,874,542,661,308,one,
14.3218188286,1580262600.53,429,876,543,665,309,one,
14.3223118782,1580262600.53,426,874,541,665,303,one,
14.3227858543,1580262600.53,423,874,543,663,301,one,
14.3232798576,1580262600.53,427,875,541,664,305,one,
14.3237547874,1580262600.53,427,874,542,665,307,one,
14.3242259026,1580262600.53,426,871,542,663,304,one,
14.3246958256,1580262600.53,426,875,542,664,303,one,
14.3251669407,1580262600.53,427,875,545,665,307,one,
14.3256378174,1580262600.53,427,875,544,666,305,one,
14.3261299133,1580262600.53,423,874,544,665,302,one,
14.3271739483,1580262600.54,422,871,540,663,303,one,
14.3283939362,1580262600.54,427,875,542,666,304,one,
14.3296089172,1580262600.54,426,874,545,666,306,one,
14.3305490017,1580262600.54,426,876,543,667,303,one,
14.3313438892,1580262600.54,425,876,544,668,302,one,
14.3318428993,1580262600.54,427,876,544,666,308,one,
14.3323187828,1580262600.54,426,876,545,667,305,one,
14.3327908516,1580262600.54,425,876,546,664,302,one,
14.3332598209,1580262600.54,425,875,546,665,301,one,
14.3337309361,1580262600.54,425,876,546,667,303,one,
14.3342030048,1580262600.54,425,876,543,667,305,one,
14.3346788883,1580262600.54,425,873,546,666,302,one,
14.3351500034,1580262600.54,423,877,545,665,300,one,
14.3356378078,1580262600.54,426,875,544,666,304,one,
14.3361108303,1580262600.54,424,876,545,669,303,one,
14.3365848064,1580262600.55,423,876,546,666,301,one,
14.3370578289,1580262600.55,427,877,547,665,303,one,
14.3375298977,1580262600.55,424,877,546,669,304,one,
14.337998867,1580262600.55,425,875,544,668,305,one,
14.3384709358,1580262600.55,424,876,547,663,303,one,
14.3389408588,1580262600.55,423,878,547,667,304,one,
14.3394229412,1580262600.55,426,878,548,668,308,one,
14.3398938179,1580262600.55,425,877,548,669,306,one,
14.3403618336,1580262600.55,424,877,548,668,305,one,
14.3407838345,1580262600.55,425,877,548,667,305,one,
14.3410909176,1580262600.55,424,877,548,668,307,one,
14.3413999081,1580262600.55,425,875,549,665,308,one,
14.3417108059,1580262600.55,424,877,546,666,304,one,
14.3420209885,1580262600.55,425,877,549,666,303,one,
14.3423349857,1580262600.55,427,876,550,668,310,one,
14.3426468372,1580262600.55,425,878,550,669,307,one,
14.3430378437,1580262600.55,424,876,549,666,302,one,
14.3543598652,1580262600.56,426,877,550,667,306,one,
14.3745708466,1580262600.58,426,877,550,668,309,one,
14.3991239071,1580262600.61,425,877,550,668,309,one,
14.4196088314,1580262600.63,424,877,549,666,305,one,
14.4444279671,1580262600.65,425,877,548,666,305,one,
14.4686458111,1580262600.68,427,878,550,668,310,one,
14.489607811,1580262600.7,424,877,549,667,308,one,
14.5138559341,1580262600.72,424,875,549,665,305,one,
14.5343239307,1580262600.74,426,877,550,666,305,one,
14.5593419075,1580262600.77,426,878,551,669,309,one,
14.583357811,1580262600.79,426,878,551,668,309,one,
14.6040527821,1580262600.81,423,877,550,666,305,one,
14.6284999847,1580262600.84,424,877,550,665,306,one,
14.6489808559,1580262600.86,425,876,550,666,309,one,
14.6739327908,1580262600.88,423,876,550,663,306,one,
14.6980929375,1580262600.91,422,875,547,658,303,one,
14.7185819149,1580262600.93,423,875,550,654,304,one,
14.7431328297,1580262600.95,421,874,548,653,306,one,
14.7638177872,1580262600.97,420,873,548,648,303,one,
14.7882349491,1580262601.0,415,876,544,643,300,one,
14.809057951,1580262601.02,419,872,544,638,301,one,
14.8335077763,1580262601.04,419,876,544,636,302,one,
14.8580098152,1580262601.07,419,873,541,634,297,one,
14.8783459663,1580262601.09,417,871,539,629,298,one,
14.9032027721,1580262601.11,420,872,538,627,300,one,
14.9236168861,1580262601.13,418,872,538,627,299,one,
14.9480597973,1580262601.16,418,870,537,627,294,one,
14.9728589058,1580262601.18,414,873,535,624,294,one,
14.9931049347,1580262601.2,417,873,536,624,294,one,
15.017802,1580262601.23,419,872,536,627,298,one,
15.0385007858,1580262601.25,418,873,536,625,294,one,
15.0627398491,1580262601.27,417,873,536,620,293,one,
15.0871617794,1580262601.3,417,871,532,624,295,one,
15.1081337929,1580262601.32,418,873,536,625,296,one,
15.1322588921,1580262601.34,417,873,536,627,294,one,
15.1528258324,1580262601.36,416,874,531,626,292,one,
15.1773538589,1580262601.39,417,875,535,627,293,one,
15.197884798,1580262601.41,418,875,534,629,296,one,
15.2223939896,1580262601.43,416,872,534,628,289,one,
15.2469809055,1580262601.46,413,874,532,625,293,one,
15.2677128315,1580262601.48,416,876,536,629,293,one,
15.2920649052,1580262601.5,417,875,534,630,294,one,
15.3126227856,1580262601.52,415,875,536,627,292,one,
15.3371548653,1580262601.55,412,876,535,625,290,one,
15.3619859219,1580262601.57,417,876,532,629,293,one,
15.3821828365,1580262601.59,417,876,533,631,295,one,
15.4071128368,1580262601.62,417,876,533,624,294,one,
15.4273347855,1580262601.64,417,876,533,627,292,one,
15.4517509937,1580262601.66,418,878,534,631,296,one,
15.4763758183,1580262601.68,419,876,534,632,294,one,
15.4969539642,1580262601.71,414,878,532,632,296,one,
15.5216629505,1580262601.73,417,876,532,632,293,one,
15.542252779,1580262601.75,419,878,535,632,296,one,
15.5668058395,1580262601.78,419,877,535,634,297,one,
15.587348938,1580262601.8,418,878,535,633,295,one,
15.6115210056,1580262601.82,418,877,534,633,294,one,
15.6359648705,1580262601.84,417,877,533,633,295,one,
15.6567528248,1580262601.87,419,875,535,634,298,one,
15.6813118458,1580262601.89,417,878,530,633,294,one,
15.7020158768,1580262601.91,419,875,534,632,291,one,
15.7262768745,1580262601.93,419,878,535,635,295,one,
15.7506999969,1580262601.96,417,878,535,636,297,one,
15.7714319229,1580262601.98,420,877,536,629,294,one,
15.7959079742,1580262602.0,419,874,530,632,291,one,
15.8165938854,1580262602.03,418,878,534,633,297,one,
15.8409588337,1580262602.05,419,876,534,630,295,one,
15.8656289577,1580262602.07,415,877,533,627,293,one,
15.8859968185,1580262602.09,416,875,532,628,290,one,
15.9105479717,1580262602.12,417,876,534,630,295,one,
15.9312069416,1580262602.14,416,875,533,630,292,one,
15.9556109905,1580262602.16,417,874,534,625,290,one,
15.9762198925,1580262602.18,418,876,528,626,289,one,
16.0007708073,1580262602.21,418,876,533,625,291,one,
16.0252947807,1580262602.23,414,875,533,628,292,one,
16.0457098484,1580262602.25,416,876,533,627,290,one,
16.0706048012,1580262602.28,418,875,534,627,292,one,
16.091124773,1580262602.3,415,875,534,629,293,one,
16.1153697968,1580262602.32,417,876,534,629,293,one,
16.1399347782,1580262602.35,417,875,535,628,290,one,
16.1604919434,1580262602.37,417,876,533,629,291,one,
16.1850478649,1580262602.39,417,876,537,629,293,one,
16.2057049274,1580262602.41,418,877,535,630,295,one,
16.2302808762,1580262602.44,415,876,535,630,289,one,
16.254529953,1580262602.46,415,875,535,631,293,one,
16.2752358913,1580262602.48,419,877,535,633,297,one,
16.2996687889,1580262602.51,417,877,534,633,296,one,
16.3200747967,1580262602.53,418,877,532,634,295,one,
16.3449659348,1580262602.55,417,877,536,635,296,one,
16.3653228283,1580262602.57,418,878,538,635,298,one,
16.3900609016,1580262602.6,418,878,535,636,297,one,
16.4143610001,1580262602.62,417,876,536,635,291,one,
16.4353640079,1580262602.64,419,878,534,634,295,one,
16.4594888687,1580262602.67,420,879,535,635,300,one,
16.4800248146,1580262602.69,421,878,536,636,298,one,
16.504696846,1580262602.71,417,879,537,635,292,one,
16.5289809704,1580262602.74,416,877,536,635,293,one,
16.5495359898,1580262602.76,420,876,537,637,301,one,
16.5740637779,1580262602.78,417,878,536,636,299,one,
16.5947608948,1580262602.8,420,878,536,630,295,one,
16.6190288067,1580262602.83,422,877,535,635,299,one,
16.6436169147,1580262602.85,421,880,538,638,299,one,
16.664413929,1580262602.87,421,878,538,634,299,one,
16.6888239384,1580262602.9,416,877,535,632,296,one,
16.7096078396,1580262602.92,419,878,534,634,296,one,
16.7338418961,1580262602.94,421,877,536,635,299,one,
16.7543139458,1580262602.96,418,879,537,630,296,one,
16.7788357735,1580262602.99,419,877,531,631,289,one,
16.803634882,1580262603.01,419,877,538,627,296,one,
16.8241569996,1580262603.03,417,876,533,632,297,one,
16.8487157822,1580262603.06,419,877,534,630,293,one,
16.8694138527,1580262603.08,419,878,529,629,292,one,
16.8937277794,1580262603.1,418,877,533,629,293,one,
16.9181358814,1580262603.13,422,877,535,630,294,one,
16.9391169548,1580262603.15,414,877,535,626,293,one,
16.9633309841,1580262603.17,417,878,533,627,294,one,
16.9838058949,1580262603.19,419,875,531,629,294,one,
17.0085389614,1580262603.22,419,877,534,630,294,one,
17.032791853,1580262603.24,419,876,533,629,294,one,
17.0533399582,1580262603.26,414,879,533,630,292,one,
17.0779819489,1580262603.29,418,878,533,628,294,one,
17.0985469818,1580262603.31,419,877,532,632,298,one,
17.1230418682,1580262603.33,417,879,532,630,295,one,
17.1435449123,1580262603.35,417,877,533,627,292,one,
17.1682338715,1580262603.38,419,879,534,632,296,one,
17.1927068233,1580262603.4,419,879,531,631,299,one,
17.2131447792,1580262603.42,419,878,532,629,297,one,
17.2378878593,1580262603.45,417,878,531,632,296,one,
17.2584149837,1580262603.47,419,879,530,631,295,one,
17.2827489376,1580262603.49,419,879,533,633,300,one,
17.3076879978,1580262603.52,417,877,529,633,296,one,
17.3278808594,1580262603.54,417,879,533,632,294,one,
17.3524348736,1580262603.56,419,878,534,632,301,one,
17.3731060028,1580262603.58,418,878,535,635,298,one,
17.3974769115,1580262603.61,415,879,535,633,292,one,
17.4219977856,1580262603.63,416,879,529,632,295,one,
17.4426319599,1580262603.65,419,876,534,633,297,one,
17.4670569897,1580262603.68,417,878,536,633,297,one,
17.4876418114,1580262603.7,418,879,534,632,296,one,
17.5123069286,1580262603.72,417,879,535,633,291,one,
17.5329048634,1580262603.74,418,878,534,635,297,one,
17.5573070049,1580262603.77,418,879,531,635,297,one,
17.5816898346,1580262603.79,417,878,533,630,289,one,
17.6021749973,1580262603.81,416,878,531,631,292,one,
17.6267638206,1580262603.84,417,878,530,631,294,one,
17.6474459171,1580262603.86,418,875,531,633,297,one,
17.6720359325,1580262603.88,414,878,530,630,291,one,
17.696449995,1580262603.91,413,877,530,627,292,one,
17.7169599533,1580262603.93,415,875,527,630,294,one,
17.7418909073,1580262603.95,416,877,528,629,294,one,
17.7623269558,1580262603.97,416,877,528,630,291,one,
17.7866048813,1580262604.0,416,878,531,628,291,one,
17.811139822,1580262604.02,417,877,530,632,294,one,
17.8316807747,1580262604.04,418,878,526,633,295,one,
17.8562569618,1580262604.06,416,875,526,631,292,one,
17.8766858578,1580262604.09,416,878,528,633,291,one,
17.9015529156,1580262604.11,419,877,530,634,297,one,
17.9221858978,1580262604.13,418,878,528,634,297,one,
17.9463648796,1580262604.15,416,877,531,633,294,one,
17.9713227749,1580262604.18,417,877,526,632,294,one,
17.9914958477,1580262604.2,418,873,529,632,297,one,
18.0160019398,1580262604.22,417,876,526,633,300,one,
18.0367288589,1580262604.25,414,876,530,631,295,one,
18.0610368252,1580262604.27,419,877,531,630,296,one,
18.0854718685,1580262604.29,419,876,532,635,299,one,
18.106471777,1580262604.32,417,875,532,634,298,one,
18.130576849,1580262604.34,418,874,531,634,298,one,
18.1511058807,1580262604.36,417,875,532,631,296,one,
18.175691843,1580262604.38,418,874,531,635,299,one,
18.2001519203,1580262604.41,418,875,532,635,296,one,
18.2207109928,1580262604.43,417,872,532,635,296,one,
18.2451558113,1580262604.45,417,875,534,639,294,one,
18.2657828331,1580262604.47,418,874,535,644,299,one,
18.2906959057,1580262604.5,418,875,536,647,299,one,
18.3108808994,1580262604.52,417,877,537,646,295,one,
18.3355388641,1580262604.54,417,877,539,651,299,one,
18.3599219322,1580262604.57,419,877,539,655,301,one,
18.3803999424,1580262604.59,419,878,537,658,299,one,
18.4052619934,1580262604.61,415,876,541,658,296,one,
18.4254889488,1580262604.63,418,878,541,659,300,one,
18.4500308037,1580262604.66,421,877,544,662,301,one,
18.4745528698,1580262604.68,416,878,545,664,300,one,
18.4951579571,1580262604.7,419,879,547,664,298,one,
18.5195968151,1580262604.73,421,880,547,665,300,one,
18.5403249264,1580262604.75,419,879,549,666,304,one,
18.564718008,1580262604.77,419,880,548,667,302,one,
18.5893969536,1580262604.8,419,879,550,667,301,one,
18.6098089218,1580262604.82,420,879,549,666,300,one,
18.6341688633,1580262604.84,421,880,553,670,306,one,
18.6549999714,1580262604.86,422,882,551,668,305,one,
18.6794137955,1580262604.89,421,882,551,670,305,one,
18.6999528408,1580262604.91,421,882,556,667,306,one,
18.7244069576,1580262604.93,423,882,555,673,306,one,
18.7490448952,1580262604.96,423,882,556,671,308,one,
18.7698078156,1580262604.98,423,881,551,671,306,one,
18.7940568924,1580262605.0,422,883,554,671,308,one,
18.8148198128,1580262605.02,423,883,557,671,310,one,
18.839332819,1580262605.05,419,883,560,671,311,one,
18.863560915,1580262605.07,422,883,559,670,307,one,
18.8841710091,1580262605.09,423,883,561,669,311,one,
18.9087378979,1580262605.12,425,883,558,672,312,one,
18.92937994,1580262605.14,420,884,561,672,315,one,
18.9538829327,1580262605.16,423,884,561,669,312,one,
18.9782869816,1580262605.19,423,884,556,671,313,one,
18.998898983,1580262605.21,424,884,562,670,317,one,
19.0236449242,1580262605.23,421,884,561,672,314,one,
19.0440158844,1580262605.25,422,882,560,669,312,one,
19.0685579777,1580262605.28,426,884,558,671,313,one,
19.0889279842,1580262605.3,424,884,561,670,316,one,
19.1135549545,1580262605.32,424,883,562,673,314,one,
19.1382949352,1580262605.35,423,883,560,671,312,one,
19.1587939262,1580262605.37,423,884,558,672,314,one,
19.1831269264,1580262605.39,425,882,563,671,316,one,
19.2038619518,1580262605.41,425,884,558,671,315,one,
19.2282209396,1580262605.44,424,884,560,670,312,one,
19.2527318001,1580262605.46,425,884,564,670,312,one,
19.2735028267,1580262605.48,425,883,561,672,317,one,
19.2977809906,1580262605.51,423,882,564,671,315,one,
19.3187248707,1580262605.53,425,883,562,670,311,one,
21.121557951,1580262607.33,423,884,561,671,313,extend,
21.1221168041,1580262607.33,425,884,559,671,316,extend,
21.1226148605,1580262607.33,422,883,562,671,309,extend,
21.1230759621,1580262607.33,420,882,557,670,312,extend,
21.1235589981,1580262607.33,424,882,562,673,314,extend,
21.1240518093,1580262607.33,424,884,561,673,314,extend,
21.1245348454,1580262607.33,423,881,562,669,313,extend,
21.1250228882,1580262607.33,423,881,557,670,308,extend,
21.1255698204,1580262607.33,423,884,559,672,310,extend,
21.1260678768,1580262607.33,422,884,563,672,314,extend,
21.1267518997,1580262607.34,422,884,562,672,307,extend,
21.1273269653,1580262607.34,424,884,561,669,306,extend,
21.1278069019,1580262607.34,424,882,562,671,313,extend,
21.128276825,1580262607.34,424,884,563,672,313,extend,
21.1287488937,1580262607.34,422,884,559,670,306,extend,
21.1292238235,1580262607.34,424,884,562,671,309,extend,
21.1296999454,1580262607.34,423,883,561,672,310,extend,
21.1306807995,1580262607.34,422,881,559,673,312,extend,
21.1318869591,1580262607.34,421,885,563,672,309,extend,
21.1330788136,1580262607.34,422,883,558,669,307,extend,
21.1338758469,1580262607.34,423,884,562,672,308,extend,
21.1343808174,1580262607.34,424,884,563,673,309,extend,
21.1348588467,1580262607.34,421,884,561,668,308,extend,
21.1353709698,1580262607.34,422,883,562,671,308,extend,
21.13585186,1580262607.34,421,883,560,672,309,extend,
21.1363248825,1580262607.34,423,882,560,672,310,extend,
21.1368019581,1580262607.35,417,884,561,672,306,extend,
21.1372787952,1580262607.35,423,883,557,671,307,extend,
21.1377518177,1580262607.35,421,883,562,674,309,extend,
21.1382219791,1580262607.35,421,883,561,673,309,extend,
21.1387598515,1580262607.35,416,883,557,673,307,extend,
21.1393449306,1580262607.35,421,884,558,669,306,extend,
21.1399559975,1580262607.35,420,881,561,672,308,extend,
21.140460968,1580262607.35,420,880,562,674,308,extend,
21.1409378052,1580262607.35,420,883,559,673,302,extend,
21.1414108276,1580262607.35,419,882,561,672,305,extend,
21.1418788433,1580262607.35,422,883,561,674,307,extend,
21.1424129009,1580262607.35,422,882,563,673,304,extend,
21.1428909302,1580262607.35,419,880,557,670,299,extend,
21.1436388493,1580262607.35,417,882,561,669,303,extend,
21.144151926,1580262607.35,421,883,561,673,306,extend,
21.1446428299,1580262607.35,421,883,563,673,305,extend,
21.1451249123,1580262607.35,420,884,561,670,303,extend,
21.1456048489,1580262607.35,420,881,559,672,304,extend,
21.1460838318,1580262607.35,421,882,561,673,305,extend,
21.1465649605,1580262607.36,421,882,562,673,307,extend,
21.1475038528,1580262607.36,420,884,562,672,303,extend,
21.1487808228,1580262607.36,421,883,559,672,301,extend,
21.149971962,1580262607.36,420,882,563,673,308,extend,
21.1504349709,1580262607.36,422,882,562,671,306,extend,
21.1507618427,1580262607.36,420,884,561,670,303,extend,
21.1510879993,1580262607.36,421,882,561,671,305,extend,
21.1514098644,1580262607.36,422,884,563,673,308,extend,
21.1517128944,1580262607.36,422,883,562,672,307,extend,
21.1520118713,1580262607.36,420,881,562,671,304,extend,
21.1523108482,1580262607.36,420,884,561,671,306,extend,
21.1526119709,1580262607.36,422,882,561,671,309,extend,
21.1529128551,1580262607.36,421,884,561,671,307,extend,
21.1532127857,1580262607.36,420,882,562,670,304,extend,
21.153512001,1580262607.36,420,884,560,670,305,extend,
21.1538379192,1580262607.36,422,883,562,672,308,extend,
21.1541469097,1580262607.36,421,883,563,671,307,extend,
21.1544559002,1580262607.36,418,883,561,668,304,extend,
21.1547658443,1580262607.36,421,883,561,670,305,extend,
21.1550619602,1580262607.36,421,882,562,671,308,extend,
21.1553139687,1580262607.36,420,882,561,671,305,extend,
21.1555860043,1580262607.36,419,883,561,670,303,extend,
21.1558477879,1580262607.36,420,883,561,670,304,extend,
21.1561529636,1580262607.36,420,883,561,672,307,extend,
21.1564469337,1580262607.37,419,881,562,671,304,extend,
21.1572768688,1580262607.37,418,884,558,670,300,extend,
21.1576378345,1580262607.37,420,883,562,671,305,extend,
21.1580238342,1580262607.37,421,883,563,672,306,extend,
21.158400774,1580262607.37,419,882,561,672,304,extend,
21.1587929726,1580262607.37,419,882,561,669,302,extend,
21.1593949795,1580262607.37,420,882,561,670,303,extend,
21.1600909233,1580262607.37,420,883,562,672,306,extend,
21.1604299545,1580262607.37,419,882,561,670,302,extend,
21.1607019901,1580262607.37,418,882,559,669,301,extend,
21.1610169411,1580262607.37,420,883,563,671,304,extend,
21.173691988,1580262607.38,420,883,561,671,306,extend,
21.1983189583,1580262607.41,419,882,559,671,301,extend,
21.2186739445,1580262607.43,418,883,560,669,300,extend,
21.2431638241,1580262607.45,420,881,561,670,302,extend,
21.2636289597,1580262607.47,420,883,561,672,305,extend,
21.2881059647,1580262607.5,420,882,562,670,303,extend,
21.3127989769,1580262607.52,419,884,559,669,302,extend,
21.3334698677,1580262607.54,420,883,562,671,303,extend,
21.3578999043,1580262607.57,420,883,561,671,305,extend,
21.3785078526,1580262607.59,417,883,560,669,301,extend,
21.4031288624,1580262607.61,416,883,559,668,301,extend,
21.4273529053,1580262607.64,420,883,558,667,303,extend,
21.4479029179,1580262607.66,420,882,558,664,304,extend,
21.4726359844,1580262607.68,419,879,557,656,299,extend,
21.4931178093,1580262607.7,414,875,552,636,298,extend,
21.5175077915,1580262607.73,419,869,546,612,299,extend,
21.5381798744,1580262607.75,418,863,536,582,299,extend,
21.562543869,1580262607.77,417,852,527,543,291,extend,
21.586991787,1580262607.8,418,848,515,503,294,extend,
21.6076068878,1580262607.82,421,842,505,479,295,extend,
21.6320798397,1580262607.84,421,837,499,456,297,extend,
21.6526248455,1580262607.86,422,834,489,442,286,extend,
21.6772089005,1580262607.89,422,831,491,427,287,extend,
21.7019438744,1580262607.91,423,829,487,423,293,extend,
21.7222318649,1580262607.93,425,825,484,418,292,extend,
21.7467689514,1580262607.96,422,828,480,411,288,extend,
21.7676608562,1580262607.98,424,827,479,411,285,extend,
21.79190588,1580262608.0,423,826,477,409,290,extend,
21.8164758682,1580262608.03,425,826,474,404,292,extend,
21.8372378349,1580262608.05,427,825,471,406,286,extend,
21.8614168167,1580262608.07,426,822,472,404,283,extend,
21.8824667931,1580262608.09,427,825,473,399,289,extend,
21.9070038795,1580262608.12,426,826,470,400,288,extend,
21.9270308018,1580262608.14,422,825,470,400,285,extend,
21.9516890049,1580262608.16,428,823,469,403,283,extend,
21.9761579037,1580262608.18,425,825,467,405,286,extend,
21.9967288971,1580262608.21,426,826,469,408,287,extend,
22.0211958885,1580262608.23,425,826,468,399,285,extend,
22.0420629978,1580262608.25,424,824,463,402,286,extend,
22.0665409565,1580262608.28,427,826,468,409,289,extend,
22.0910818577,1580262608.3,425,828,469,413,286,extend,
22.1115658283,1580262608.32,427,827,467,409,287,extend,
22.1361157894,1580262608.34,427,828,468,413,288,extend,
22.1564469337,1580262608.37,429,826,469,414,292,extend,
22.1809568405,1580262608.39,429,827,470,415,295,extend,
22.2057199478,1580262608.41,428,827,469,417,287,extend,
22.2260859013,1580262608.43,428,825,465,411,290,extend,
22.2504849434,1580262608.46,429,825,470,415,295,extend,
22.2710878849,1580262608.48,428,824,469,421,297,extend,
22.2955758572,1580262608.5,429,822,470,422,293,extend,
22.3161168098,1580262608.52,432,827,471,420,297,extend,
22.3409538269,1580262608.55,430,826,471,423,298,extend,
22.3652429581,1580262608.57,432,828,471,420,298,extend,
22.3857359886,1580262608.59,429,826,469,423,291,extend,
22.4103307724,1580262608.62,429,826,467,420,297,extend,
22.430877924,1580262608.64,431,825,472,425,301,extend,
22.4555289745,1580262608.66,431,828,470,426,298,extend,
22.4798309803,1580262608.69,428,826,471,421,296,extend,
22.5006699562,1580262608.71,432,826,470,421,299,extend,
22.5248990059,1580262608.73,430,825,469,417,300,extend,
22.5454618931,1580262608.75,428,824,469,412,299,extend,
22.5702898502,1580262608.78,431,822,469,411,297,extend,
22.5945580006,1580262608.8,430,823,468,407,295,extend,
22.6151759624,1580262608.82,430,823,469,410,301,extend,
22.6395537853,1580262608.85,431,821,466,408,298,extend,
22.6600599289,1580262608.87,428,822,467,400,295,extend,
22.6845889091,1580262608.89,429,820,466,409,294,extend,
22.7050879002,1580262608.91,431,822,466,411,297,extend,
22.7297148705,1580262608.94,430,821,469,410,295,extend,
22.7542059422,1580262608.96,425,821,462,408,293,extend,
22.774971962,1580262608.98,429,822,465,410,297,extend,
22.7994167805,1580262609.01,431,822,467,415,300,extend,
22.8198399544,1580262609.03,425,822,468,415,298,extend,
22.8445529938,1580262609.05,429,824,467,416,292,extend,
22.8691148758,1580262609.08,431,826,468,422,297,extend,
22.8894579411,1580262609.1,430,824,468,421,302,extend,
22.9139750004,1580262609.12,430,825,469,424,301,extend,
22.9346709251,1580262609.14,429,825,469,422,298,extend,
22.9591088295,1580262609.17,430,821,468,423,300,extend,
22.983604908,1580262609.19,431,826,468,429,301,extend,
23.0043838024,1580262609.21,429,825,470,421,302,extend,
23.0287837982,1580262609.24,429,824,471,430,298,extend,
23.0491738319,1580262609.26,432,824,473,434,300,extend,
23.0740008354,1580262609.28,430,823,473,436,304,extend,
23.0942997932,1580262609.3,429,823,469,430,299,extend,
23.1187269688,1580262609.33,427,820,473,436,299,extend,
23.1433057785,1580262609.35,429,821,472,435,299,extend,
23.1638917923,1580262609.37,430,822,471,438,301,extend,
23.1885859966,1580262609.4,425,822,474,437,296,extend,
23.2089869976,1580262609.42,430,819,471,436,298,extend,
23.2335648537,1580262609.44,429,821,473,439,302,extend,
23.2579379082,1580262609.47,430,821,475,441,304,extend,
23.2788028717,1580262609.49,428,818,473,443,298,extend,
23.3034439087,1580262609.51,429,820,468,439,298,extend,
23.3235259056,1580262609.53,430,821,474,440,301,extend,
23.3482058048,1580262609.56,431,823,475,444,300,extend,
23.3727378845,1580262609.58,427,821,477,437,299,extend,
23.3932349682,1580262609.6,425,820,475,443,298,extend,
23.4177029133,1580262609.63,429,821,475,447,303,extend,
23.4384319782,1580262609.65,429,821,474,448,300,extend,
23.4628078938,1580262609.67,429,821,476,445,295,extend,
23.4832799435,1580262609.69,426,821,476,440,297,extend,
23.5079247952,1580262609.72,429,821,476,447,299,extend,
23.5325548649,1580262609.74,430,820,476,451,298,extend,
23.5528178215,1580262609.76,428,815,475,449,299,extend,
23.5774879456,1580262609.79,427,820,476,447,296,extend,
23.5984358788,1580262609.81,429,818,474,452,298,extend,
23.6224398613,1580262609.83,427,818,479,452,301,extend,
23.6469919682,1580262609.86,425,818,480,451,298,extend,
23.6677417755,1580262609.88,428,817,479,451,296,extend,
23.6921958923,1580262609.9,428,818,478,453,300,extend,
23.71270895,1580262609.92,428,819,476,457,301,extend,
23.7374558449,1580262609.95,424,817,478,455,295,extend,
23.761785984,1580262609.97,428,818,475,454,294,extend,
23.7822909355,1580262609.99,428,817,480,458,300,extend,
23.8067989349,1580262610.02,428,815,481,460,301,extend,
23.8276128769,1580262610.04,426,814,474,458,298,extend,
23.8520050049,1580262610.06,426,813,484,459,296,extend,
23.8727459908,1580262610.08,427,812,481,460,299,extend,
23.8969278336,1580262610.11,427,810,480,462,300,extend,
23.921410799,1580262610.13,428,810,482,458,298,extend,
23.9420108795,1580262610.15,428,809,483,460,294,extend,
23.9668288231,1580262610.18,426,810,480,460,300,extend,
23.9869837761,1580262610.2,427,810,480,462,299,extend,
24.0117089748,1580262610.22,426,812,482,454,296,extend,
24.0361819267,1580262610.24,425,812,483,460,298,extend,
24.0569779873,1580262610.27,427,813,481,460,298,extend,
24.0810627937,1580262610.29,427,813,481,462,298,extend,
24.1018199921,1580262610.31,426,813,482,460,291,extend,
24.1261899471,1580262610.33,425,814,478,458,294,extend,
24.1507439613,1580262610.36,427,817,479,461,299,extend,
24.1715359688,1580262610.38,428,818,479,460,298,extend,
24.195846796,1580262610.4,425,819,482,458,293,extend,
24.2163929939,1580262610.42,427,821,477,458,298,extend,
24.2411909103,1580262610.45,427,822,480,459,297,extend,
24.2614388466,1580262610.47,426,822,480,461,298,extend,
24.2859699726,1580262610.49,425,823,480,457,294,extend,
24.3104999065,1580262610.52,424,824,481,462,296,extend,
24.3311729431,1580262610.54,426,824,481,464,299,extend,
24.3556208611,1580262610.56,426,825,481,462,296,extend,
24.3761248589,1580262610.58,422,825,477,464,293,extend,
24.4009759426,1580262610.61,422,823,482,462,295,extend,
24.4253048897,1580262610.63,426,826,481,466,295,extend,
24.445802927,1580262610.65,424,828,481,465,296,extend,
24.4706189632,1580262610.68,425,830,484,466,291,extend,
24.4907939434,1580262610.7,423,831,484,467,295,extend,
24.5153069496,1580262610.72,425,832,485,472,298,extend,
24.5400009155,1580262610.75,425,834,483,476,296,extend,
24.5603687763,1580262610.77,424,834,482,482,294,extend,
24.5850849152,1580262610.79,425,838,486,485,297,extend,
24.6057169437,1580262610.81,425,840,487,489,300,extend,
24.6299648285,1580262610.84,425,841,485,491,299,extend,
24.6503658295,1580262610.86,425,840,488,492,297,extend,
24.6750149727,1580262610.88,422,840,488,493,298,extend,
24.6997139454,1580262610.91,426,839,490,497,302,extend,
24.7200849056,1580262610.93,427,840,491,500,299,extend,
24.7447469234,1580262610.95,424,840,490,502,295,extend,
24.7651779652,1580262610.97,428,841,489,505,301,extend,
24.7899289131,1580262611.0,426,842,493,505,303,extend,
24.8142228127,1580262611.02,427,844,494,509,303,extend,
24.8349158764,1580262611.04,426,844,494,514,299,extend,
24.8594429493,1580262611.07,425,847,497,524,300,extend,
24.8798840046,1580262611.09,425,849,503,541,305,extend,
24.9045708179,1580262611.11,424,853,504,559,303,extend,
24.9290587902,1580262611.14,422,856,511,570,301,extend,
24.9493927956,1580262611.16,424,857,519,585,304,extend,
24.9740819931,1580262611.18,422,863,526,598,306,extend,
24.9945278168,1580262611.2,421,864,530,608,305,extend,
25.0190207958,1580262611.23,417,868,534,617,298,extend,
25.0397999287,1580262611.25,418,871,538,624,303,extend,
25.064136982,1580262611.27,420,872,542,633,306,extend,
25.0887799263,1580262611.3,419,874,547,638,304,extend,
25.1092419624,1580262611.32,417,877,551,640,303,extend,
25.1339759827,1580262611.34,418,878,556,644,304,extend,
25.1543748379,1580262611.36,418,879,554,646,305,extend,
25.1787848473,1580262611.39,416,880,556,647,302,extend,
25.2033569813,1580262611.41,416,880,557,646,301,extend,
25.2239170074,1580262611.43,416,881,558,648,302,extend,
25.2486097813,1580262611.46,418,881,559,652,306,extend,
25.2692120075,1580262611.48,415,882,561,652,302,extend,
25.2934098244,1580262611.5,417,882,560,650,297,extend,
25.3179278374,1580262611.53,419,884,563,654,303,extend,
25.3384959698,1580262611.55,418,884,562,654,306,extend,
25.3629908562,1580262611.57,419,882,563,655,306,extend,
25.3834908009,1580262611.59,417,884,562,654,300,extend,
25.4081947803,1580262611.62,418,884,562,655,305,extend,
25.4286668301,1580262611.64,420,886,563,657,307,extend,
25.453139782,1580262611.66,418,882,564,657,305,extend,
25.477741003,1580262611.69,417,885,563,657,300,extend,
25.4983439445,1580262611.71,420,883,564,655,308,extend,
25.522785902,1580262611.73,419,885,565,657,307,extend,
25.5433747768,1580262611.75,419,881,566,653,305,extend,
25.567830801,1580262611.78,414,884,564,652,302,extend,
25.5924289227,1580262611.8,419,885,565,656,305,extend,
25.6129088402,1580262611.82,421,886,564,658,307,extend,
25.637857914,1580262611.85,418,886,565,654,300,extend,
25.6583299637,1580262611.87,418,886,568,654,303,extend,
25.6824839115,1580262611.89,420,886,566,658,307,extend,
25.7074267864,1580262611.92,420,886,567,657,304,extend,
25.7275989056,1580262611.94,418,883,567,657,304,extend,
25.7521059513,1580262611.96,415,885,566,654,303,extend,
25.7729649544,1580262611.98,420,886,566,657,305,extend,
25.7972049713,1580262612.01,420,885,566,659,305,extend,
25.8179647923,1580262612.03,414,886,567,658,305,extend,
25.8422780037,1580262612.05,415,885,566,658,301,extend,
25.8671059608,1580262612.08,418,886,567,659,305,extend,
25.8873708248,1580262612.1,419,885,567,659,305,extend,
25.9118077755,1580262612.12,416,886,570,654,302,extend,
25.9326508045,1580262612.14,418,887,567,658,302,extend,
25.9568889141,1580262612.17,419,886,568,660,304,extend,
25.9813899994,1580262612.19,419,887,568,660,304,extend,
26.0020148754,1580262612.21,417,886,568,659,302,extend,
26.02658391,1580262612.24,417,886,566,656,299,extend,
26.0470459461,1580262612.26,417,887,567,660,302,extend,
26.0716729164,1580262612.28,417,886,568,660,306,extend,
26.0961430073,1580262612.3,418,887,569,659,301,extend,
26.1165928841,1580262612.33,415,886,567,658,302,extend,
26.1414699554,1580262612.35,419,885,568,659,303,extend,
27.4896159172,1580262613.7,416,886,567,661,304,fist,
27.490172863,1580262613.7,417,886,563,659,302,fist,
27.4906709194,1580262613.7,418,885,565,656,299,fist,
27.4911828041,1580262613.7,417,887,568,661,305,fist,
27.4917149544,1580262613.7,419,885,569,660,303,fist,
27.4921929836,1580262613.7,418,884,568,660,301,fist,
27.4928557873,1580262613.7,418,886,564,659,301,fist,
27.4933609962,1580262613.7,418,886,567,660,303,fist,
27.4938378334,1580262613.7,418,886,568,659,304,fist,
27.4943139553,1580262613.7,416,884,567,659,301,fist,
27.4947879314,1580262613.7,416,887,568,660,302,fist,
27.4954879284,1580262613.7,419,887,568,660,304,fist,
27.4966077805,1580262613.71,418,885,566,659,302,fist,
27.4972138405,1580262613.71,416,886,566,658,295,fist,
27.497702837,1580262613.71,417,887,568,660,302,fist,
27.4981827736,1580262613.71,419,886,569,661,304,fist,
27.4986588955,1580262613.71,418,886,567,660,303,fist,
27.4991359711,1580262613.71,416,886,568,659,297,fist,
27.4996538162,1580262613.71,416,886,568,660,299,fist,
27.5001378059,1580262613.71,418,885,567,661,304,fist,
27.5006167889,1580262613.71,417,886,568,660,303,fist,
27.5010969639,1580262613.71,415,886,568,660,299,fist,
27.501573801,1580262613.71,415,886,567,660,302,fist,
27.5020549297,1580262613.71,417,885,568,661,304,fist,
27.502532959,1580262613.71,416,885,567,661,302,fist,
27.503015995,1580262613.71,417,885,568,658,300,fist,
27.5035197735,1580262613.71,418,886,567,659,301,fist,
27.5041217804,1580262613.71,419,887,568,661,303,fist,
27.5047419071,1580262613.71,415,887,567,661,301,fist,
27.505232811,1580262613.71,416,886,568,660,299,fist,
27.5056829453,1580262613.71,417,886,568,658,302,fist,
27.5061299801,1580262613.71,417,886,567,663,303,fist,
27.5065779686,1580262613.72,416,887,563,662,300,fist,
27.5070729256,1580262613.72,415,887,568,658,299,fist,
27.5077660084,1580262613.72,417,888,567,661,299,fist,
27.5082528591,1580262613.72,415,888,566,663,300,fist,
27.5087268353,1580262613.72,417,886,565,664,299,fist,
27.509406805,1580262613.72,414,886,567,663,294,fist,
27.5099239349,1580262613.72,414,888,567,663,299,fist,
27.5104207993,1580262613.72,416,886,567,664,300,fist,
27.5109088421,1580262613.72,415,885,568,664,296,fist,
27.5114247799,1580262613.72,416,887,566,663,296,fist,
27.5119628906,1580262613.72,415,887,566,665,296,fist,
27.512996912,1580262613.72,416,886,567,666,301,fist,
27.5140810013,1580262613.72,416,886,562,662,293,fist,
27.5150148869,1580262613.72,413,885,565,664,291,fist,
27.5156049728,1580262613.72,416,886,569,667,296,fist,
27.5160768032,1580262613.72,416,887,566,667,298,fist,
27.5165259838,1580262613.73,414,888,566,667,296,fist,
27.5169699192,1580262613.73,414,887,565,665,293,fist,
27.5174129009,1580262613.73,414,886,563,667,294,fist,
27.5177969933,1580262613.73,415,884,565,668,298,fist,
27.518116951,1580262613.73,415,886,564,668,291,fist,
27.5184249878,1580262613.73,413,886,561,667,295,fist,
27.5187349319,1580262613.73,417,886,561,669,299,fist,
27.5190448761,1580262613.73,416,888,560,668,299,fist,
27.5193789005,1580262613.73,415,888,557,668,297,fist,
27.5196909904,1580262613.73,416,888,556,664,295,fist,
27.5199999809,1580262613.73,416,888,552,665,296,fist,
27.520305872,1580262613.73,416,889,552,665,298,fist,
27.537760973,1580262613.75,415,889,547,662,294,fist,
27.5580558777,1580262613.77,415,887,547,660,289,fist,
27.5826408863,1580262613.79,416,889,547,657,295,fist,
27.603276968,1580262613.81,414,888,545,658,295,fist,
27.6278069019,1580262613.84,412,887,544,653,292,fist,
27.6526768208,1580262613.86,415,886,542,653,290,fist,
27.6730408669,1580262613.88,415,888,541,654,292,fist,
27.6975688934,1580262613.91,416,888,541,652,295,fist,
27.717911005,1580262613.93,415,886,537,651,288,fist,
27.7428758144,1580262613.95,416,885,532,646,291,fist,
27.7629048824,1580262613.97,419,882,525,641,294,fist,
27.7875049114,1580262614.0,423,874,518,627,296,fist,
27.8119828701,1580262614.02,421,862,514,611,296,fist,
27.8325560093,1580262614.04,426,857,519,598,295,fist,
27.8574609756,1580262614.07,427,849,516,598,296,fist,
27.8777508736,1580262614.09,427,843,517,591,299,fist,
27.9022829533,1580262614.11,426,840,509,584,298,fist,
27.9267659187,1580262614.14,432,833,509,578,298,fist,
27.9472990036,1580262614.16,432,837,512,576,300,fist,
27.9718368053,1580262614.18,432,838,510,572,299,fist,
27.9924149513,1580262614.2,428,837,509,569,297,fist,
28.0168559551,1580262614.23,433,839,509,566,295,fist,
28.0414488316,1580262614.25,433,840,510,566,299,fist,
28.0621049404,1580262614.27,432,842,510,566,298,fist,
28.0864088535,1580262614.29,432,842,511,563,299,fist,
28.1074810028,1580262614.32,429,841,508,561,295,fist,
28.1314949989,1580262614.34,434,841,509,562,299,fist,
28.15218997,1580262614.36,433,840,510,562,297,fist,
28.1767168045,1580262614.39,430,839,507,562,295,fist,
28.2011117935,1580262614.41,432,836,504,559,292,fist,
28.2219150066,1580262614.43,434,841,508,560,296,fist,
28.2462058067,1580262614.45,431,841,508,561,294,fist,
28.266908884,1580262614.48,428,843,510,563,293,fist,
28.2913367748,1580262614.5,432,843,506,561,293,fist,
28.3158829212,1580262614.52,433,843,510,567,297,fist,
28.3364329338,1580262614.55,432,843,511,569,296,fist,
28.3609099388,1580262614.57,432,840,507,568,294,fist,
28.3814067841,1580262614.59,434,844,508,569,295,fist,
28.4059829712,1580262614.61,433,844,513,570,298,fist,
28.4304878712,1580262614.64,435,843,512,572,298,fist,
28.4510037899,1580262614.66,431,843,513,571,296,fist,
28.475525856,1580262614.68,432,842,512,571,299,fist,
28.4961049557,1580262614.7,435,841,510,573,299,fist,
28.5209288597,1580262614.73,434,841,511,572,300,fist,
28.5412168503,1580262614.75,432,840,514,571,296,fist,
28.5659718513,1580262614.77,431,842,510,572,298,fist,
28.5902838707,1580262614.8,434,841,513,572,301,fist,
28.6107668877,1580262614.82,432,840,514,574,300,fist,
28.6353199482,1580262614.84,429,840,515,570,296,fist,
28.6556248665,1580262614.86,432,838,514,571,300,fist,
28.6868858337,1580262614.9,432,840,516,572,299,fist,
28.7047128677,1580262614.91,433,839,515,573,298,fist,
28.725219965,1580262614.93,432,839,516,567,295,fist,
28.7499969006,1580262614.96,432,837,515,569,294,fist,
28.7707288265,1580262614.98,432,836,516,569,296,fist,
28.7949848175,1580262615.0,432,838,518,571,292,fist,
28.819578886,1580262615.03,429,838,511,568,290,fist,
28.8401789665,1580262615.05,430,836,517,569,293,fist,
28.8646137714,1580262615.07,431,837,518,570,295,fist,
28.8851978779,1580262615.09,431,837,518,567,289,fist,
28.9097518921,1580262615.12,429,835,517,563,289,fist,
28.9302048683,1580262615.14,430,837,518,564,291,fist,
28.9547429085,1580262615.16,430,838,518,565,293,fist,
28.9793019295,1580262615.19,431,834,518,568,291,fist,
28.9997999668,1580262615.21,429,837,518,565,291,fist,
29.0244629383,1580262615.23,430,838,517,566,292,fist,
29.0448708534,1580262615.25,430,838,520,570,295,fist,
29.0695919991,1580262615.28,431,837,516,570,292,fist,
29.0940418243,1580262615.3,432,838,520,568,294,fist,
29.1144487858,1580262615.32,433,838,521,570,299,fist,
29.1393687725,1580262615.35,432,838,521,571,300,fist,
29.1596457958,1580262615.37,432,838,520,572,301,fist,
29.1840379238,1580262615.39,431,839,517,567,297,fist,
29.2086548805,1580262615.42,432,839,521,569,300,fist,
29.2293868065,1580262615.44,434,839,521,572,304,fist,
29.2536988258,1580262615.46,433,838,522,571,302,fist,
29.2744669914,1580262615.48,433,841,519,567,299,fist,
29.2990109921,1580262615.51,434,841,520,570,302,fist,
29.3193898201,1580262615.53,434,841,520,570,304,fist,
29.3438749313,1580262615.55,432,842,518,569,304,fist,
29.3685348034,1580262615.58,436,841,515,566,301,fist,
29.3890938759,1580262615.6,435,842,518,566,303,fist,
29.413394928,1580262615.62,436,844,519,569,306,fist,
29.4341118336,1580262615.64,437,843,521,567,303,fist,
29.458304882,1580262615.67,433,840,518,566,302,fist,
29.4830389023,1580262615.69,435,845,520,568,308,fist,
29.5037419796,1580262615.71,435,846,521,568,306,fist,
29.5280637741,1580262615.74,434,847,517,563,304,fist,
29.5484819412,1580262615.76,436,846,521,560,302,fist,
29.573071003,1580262615.78,434,847,521,560,303,fist,
29.5976338387,1580262615.81,434,844,523,564,305,fist,
29.6181869507,1580262615.83,429,845,522,561,304,fist,
29.6428289413,1580262615.85,434,847,520,560,298,fist,
29.663312912,1580262615.87,435,846,522,562,301,fist,
29.6878418922,1580262615.9,434,846,521,563,304,fist,
29.7084310055,1580262615.92,432,847,521,564,300,fist,
29.7332458496,1580262615.94,432,845,518,560,303,fist,
29.7574717999,1580262615.97,433,846,521,564,299,fist,
29.7779078484,1580262615.99,433,847,521,565,304,fist,
29.8027238846,1580262616.01,431,842,517,560,299,fist,
29.8230779171,1580262616.03,433,845,520,563,296,fist,
29.8475179672,1580262616.06,434,846,520,567,304,fist,
29.8722589016,1580262616.08,433,846,522,566,304,fist,
29.892551899,1580262616.1,428,845,523,568,303,fist,
29.9171919823,1580262616.13,430,842,520,567,303,fist,
29.9380369186,1580262616.15,433,846,517,575,303,fist,
29.9623057842,1580262616.17,433,848,519,579,305,fist,
29.9869129658,1580262616.2,433,847,513,579,299,fist,
30.0073378086,1580262616.22,432,848,517,582,302,fist,
30.0318667889,1580262616.24,433,847,515,584,308,fist,
30.0524818897,1580262616.26,434,846,516,586,306,fist,
30.0769228935,1580262616.29,428,846,518,581,303,fist,
30.0977129936,1580262616.31,431,843,515,582,304,fist,
30.1222829819,1580262616.33,432,846,518,584,305,fist,
30.1465759277,1580262616.36,432,846,519,582,306,fist,
30.1673998833,1580262616.38,432,845,516,577,301,fist,
30.1915929317,1580262616.4,430,846,519,578,302,fist,
30.2122638226,1580262616.42,433,844,519,579,306,fist,
30.2367208004,1580262616.45,431,845,520,581,303,fist,
30.2611927986,1580262616.47,433,846,520,577,303,fist,
30.2817149162,1580262616.49,433,845,524,580,300,fist,
30.3064279556,1580262616.52,432,845,522,580,301,fist,
30.3268249035,1580262616.54,432,845,522,582,301,fist,
30.3512749672,1580262616.56,431,845,522,580,301,fist,
30.3757658005,1580262616.58,429,845,520,579,296,fist,
30.3963418007,1580262616.6,431,844,523,582,300,fist,
30.42085886,1580262616.63,430,845,522,579,299,fist,
30.4414777756,1580262616.65,428,844,522,576,296,fist,
30.4661438465,1580262616.67,429,843,523,574,297,fist,
30.4864389896,1580262616.7,427,844,522,579,296,fist,
30.5110058784,1580262616.72,427,844,523,579,295,fist,
30.535574913,1580262616.74,427,842,521,579,292,fist,
30.5563359261,1580262616.76,426,844,522,579,287,fist,
30.5805709362,1580262616.79,429,844,524,579,295,fist,
30.6014127731,1580262616.81,427,844,523,579,292,fist,
30.6259160042,1580262616.83,426,844,524,574,290,fist,
30.6500658989,1580262616.86,427,844,524,576,294,fist,
30.6708979607,1580262616.88,427,845,524,582,294,fist,
30.6952037811,1580262616.9,429,845,524,582,293,fist,
30.7158958912,1580262616.92,425,847,527,580,292,fist,
30.7405159473,1580262616.95,427,846,524,581,294,fist,
30.765119791,1580262616.97,428,847,527,581,297,fist,
30.7854218483,1580262616.99,427,848,526,580,294,fist,
30.8099918365,1580262617.02,427,847,528,575,293,fist,
30.8305180073,1580262617.04,429,848,530,579,292,fist,
30.8549118042,1580262617.06,428,848,527,582,297,fist,
30.8757679462,1580262617.08,428,849,528,581,295,fist,
30.9001228809,1580262617.11,427,848,523,581,296,fist,
30.9246408939,1580262617.13,427,848,524,581,295,fist,
30.9452109337,1580262617.15,428,849,527,584,298,fist,
30.969853878,1580262617.18,426,849,529,581,296,fist,
30.990683794,1580262617.2,422,849,527,580,290,fist,
31.014772892,1580262617.22,429,848,528,580,298,fist,
31.0394427776,1580262617.25,429,849,527,581,298,fist,
31.0598278046,1580262617.27,427,848,530,581,298,fist,
31.084291935,1580262617.29,427,848,528,579,288,fist,
31.1049339771,1580262617.31,427,849,524,578,295,fist,
31.1296010017,1580262617.34,429,852,528,582,298,fist,
31.1541819572,1580262617.36,424,853,527,582,296,fist,
31.1745347977,1580262617.38,427,852,525,581,290,fist,
31.1990559101,1580262617.41,426,850,525,582,296,fist,
31.2213799953,1580262617.43,428,853,527,583,296,fist,
31.2440888882,1580262617.45,425,854,522,583,293,fist,
31.2646079063,1580262617.47,426,850,526,580,289,fist,
31.2893869877,1580262617.5,426,854,527,581,292,fist,
31.3136749268,1580262617.52,427,854,528,580,295,fist,
31.3342359066,1580262617.54,426,852,526,581,294,fist,
31.3589429855,1580262617.57,423,853,528,578,287,fist,
31.3793239594,1580262617.59,429,854,526,579,292,fist,
31.4038097858,1580262617.61,426,854,526,578,293,fist,
31.428331852,1580262617.64,426,852,528,577,288,fist,
31.4488229752,1580262617.66,425,853,526,578,291,fist,
31.4733870029,1580262617.68,427,852,526,578,293,fist,
31.4939348698,1580262617.7,427,854,527,580,295,fist,
31.5184009075,1580262617.73,426,854,528,581,293,fist,
31.5431129932,1580262617.75,429,854,529,582,294,fist,
31.5635538101,1580262617.77,429,856,530,582,296,fist,
31.5882389545,1580262617.8,428,854,529,583,298,fist,
31.6086139679,1580262617.82,425,855,525,583,297,fist,
31.6333019733,1580262617.84,426,856,531,578,294,fist,
31.6540498734,1580262617.86,428,852,529,583,299,fist,
31.6782009602,1580262617.89,429,853,531,584,300,fist,
31.7030148506,1580262617.91,427,852,533,579,297,fist,
31.7233498096,1580262617.93,429,852,533,582,296,fist,
31.747759819,1580262617.96,430,852,532,586,305,fist,
31.768586874,1580262617.98,430,852,532,585,305,fist,
31.7934467793,1580262618.0,430,852,533,584,304,fist,
31.8175008297,1580262618.03,426,852,530,584,300,fist,
31.8382508755,1580262618.05,430,852,532,586,305,fist,
31.8625149727,1580262618.07,430,852,532,588,306,fist,
31.8829419613,1580262618.09,429,851,531,587,304,fist,
31.9076089859,1580262618.12,430,852,528,585,298,fist,
31.932341814,1580262618.14,429,851,531,589,303,fist,
31.9527528286,1580262618.16,429,851,531,588,302,fist,
31.9771089554,1580262618.19,429,848,531,590,296,fist,
31.9977288246,1580262618.21,428,852,531,585,299,fist,
32.0225148201,1580262618.23,429,852,531,588,300,fist,
32.0426728725,1580262618.25,427,852,528,587,299,fist,
32.0677199364,1580262618.28,425,851,531,583,295,fist,
32.0918529034,1580262618.3,426,851,531,584,292,fist,
32.1125669479,1580262618.32,427,852,530,587,293,fist,
32.1369218826,1580262618.35,425,849,529,589,293,fist,
32.1575028896,1580262618.37,424,851,527,588,289,fist,
32.1819968224,1580262618.39,422,850,530,588,290,fist,
32.2066597939,1580262618.42,425,849,530,590,290,fist,
32.2270629406,1580262618.44,424,850,529,593,292,fist,
32.2514398098,1580262618.46,426,853,528,593,289,fist,
32.2720589638,1580262618.48,426,860,531,603,287,fist,
32.2965488434,1580262618.51,426,864,531,610,295,fist,
32.3214228153,1580262618.53,426,866,534,613,295,fist,
32.3420569897,1580262618.55,424,868,535,615,293,fist,
32.3663389683,1580262618.57,425,869,530,619,293,fist,
32.3871388435,1580262618.6,425,870,534,624,296,fist,
32.4113528728,1580262618.62,425,872,535,631,293,fist,
32.4358618259,1580262618.64,422,873,538,634,291,fist,
32.4564449787,1580262618.67,424,875,536,639,296,fist,
32.4807918072,1580262618.69,425,876,537,642,299,fist,
32.5014867783,1580262618.71,424,873,538,643,298,fist,
35.8436598778,1580262622.05,420,876,534,646,295,one,
35.844244957,1580262622.05,424,875,537,648,296,one,
35.8449118137,1580262622.05,425,876,542,653,297,one,
35.8459579945,1580262622.05,423,876,544,655,297,one,
35.8465428352,1580262622.06,423,876,546,657,292,one,
35.8470540047,1580262622.06,421,874,546,659,290,one,
35.8476028442,1580262622.06,423,874,548,661,297,one,
35.8481388092,1580262622.06,420,874,547,661,294,one,
35.8488059044,1580262622.06,421,872,550,661,295,one,
35.8493499756,1580262622.06,421,874,550,662,295,one,
35.8498518467,1580262622.06,421,873,552,664,297,one,
35.8503439426,1580262622.06,418,874,552,662,296,one,
35.8508329391,1580262622.06,420,872,553,664,292,one,
35.8513729572,1580262622.06,420,874,551,664,293,one,
35.8519129753,1580262622.06,421,874,554,666,298,one,
35.8524417877,1580262622.06,422,872,554,666,298,one,
35.8529708385,1580262622.06,419,875,553,665,294,one,
35.8534967899,1580262622.06,422,874,556,666,297,one,
35.8542439938,1580262622.06,422,874,553,667,297,one,
35.8550448418,1580262622.06,421,872,555,665,296,one,
35.8557789326,1580262622.06,420,874,552,666,294,one,
35.8564097881,1580262622.06,421,874,552,666,294,one,
35.8569619656,1580262622.07,420,875,554,670,298,one,
35.8574957848,1580262622.07,421,872,555,669,296,one,
35.8581027985,1580262622.07,419,876,550,667,292,one,
35.8588728905,1580262622.07,421,873,555,668,295,one,
35.859418869,1580262622.07,420,876,554,670,297,one,
35.8599019051,1580262622.07,420,873,554,668,294,one,
35.8603789806,1580262622.07,420,876,558,668,295,one,
35.8608520031,1580262622.07,420,876,555,669,295,one,
35.8617868423,1580262622.07,422,875,556,672,299,one,
35.862749815,1580262622.07,420,876,556,667,296,one,
35.8632559776,1580262622.07,419,875,554,668,293,one,
35.8637149334,1580262622.07,421,875,558,671,297,one,
35.8641338348,1580262622.07,421,876,555,671,297,one,
35.8644359112,1580262622.07,420,874,556,671,295,one,
35.8647367954,1580262622.07,419,876,555,669,293,one,
35.8650588989,1580262622.07,420,874,555,669,293,one,
35.8653688431,1580262622.07,420,875,555,670,295,one,
35.8656787872,1580262622.07,421,872,556,666,292,one,
35.8659877777,1580262622.07,416,875,554,669,289,one,
35.8662979603,1580262622.07,421,876,558,670,297,one,
35.8666088581,1580262622.08,420,876,555,670,294,one,
35.8669159412,1580262622.08,419,875,555,666,296,one,
35.8672399521,1580262622.08,420,875,552,670,291,one,
35.8675599098,1580262622.08,419,875,554,670,293,one,
35.8678719997,1580262622.08,420,875,556,671,296,one,
35.8681838512,1580262622.08,420,876,550,671,294,one,
35.8684928417,1580262622.08,418,875,555,669,291,one,
35.8688077927,1580262622.08,420,875,556,669,295,one,
35.8691208363,1580262622.08,418,876,555,670,294,one,
35.8693528175,1580262622.08,418,875,555,670,293,one,
35.8695869446,1580262622.08,420,876,551,670,292,one,
35.8698208332,1580262622.08,419,876,554,669,294,one,
35.8700549603,1580262622.08,420,874,555,673,295,one,
35.8702859879,1580262622.08,419,875,554,668,294,one,
35.8705158234,1580262622.08,419,876,554,669,291,one,
35.8707458973,1580262622.08,420,876,554,671,294,one,
35.8709769249,1580262622.08,420,876,554,673,296,one,
35.8712089062,1580262622.08,418,874,555,671,294,one,
35.8714599609,1580262622.08,420,874,550,670,292,one,
35.8716928959,1580262622.08,418,877,553,670,294,one,
35.8719248772,1580262622.08,420,877,553,673,295,one,
35.8721559048,1580262622.08,416,876,550,672,292,one,
35.872387886,1580262622.08,418,875,550,670,292,one,
35.8726189137,1580262622.08,420,876,554,672,296,one,
35.8728518486,1580262622.08,419,875,554,670,295,one,
35.8730828762,1580262622.08,418,876,554,671,293,one,
35.8733158112,1580262622.08,419,876,550,670,292,one,
35.8735468388,1580262622.08,420,876,553,671,293,one,
35.87377882,1580262622.08,419,876,551,672,295,one,
35.8740108013,1580262622.08,416,875,550,671,289,one,
35.8742527962,1580262622.08,415,876,553,671,291,one,
35.8744399548,1580262622.08,420,876,556,671,296,one,
35.8746249676,1580262622.08,418,877,554,672,294,one,
35.8749299049,1580262622.08,418,876,551,666,293,one,
35.875125885,1580262622.08,417,876,555,669,292,one,
35.8753287792,1580262622.08,419,877,551,671,295,one,
35.8755178452,1580262622.08,420,877,555,669,294,one,
35.8757038116,1580262622.08,419,876,553,671,291,one,
35.8759288788,1580262622.08,419,877,554,670,293,one,
35.876144886,1580262622.08,420,875,554,673,294,one,
35.8764169216,1580262622.08,419,875,553,671,294,one,
35.8767268658,1580262622.09,416,877,550,671,287,one,
35.8770349026,1580262622.09,419,877,550,670,289,one,
35.8773729801,1580262622.09,419,876,551,672,294,one,
35.877576828,1580262622.09,418,877,553,673,294,one,
35.8777868748,1580262622.09,417,875,552,670,290,one,
35.8779788017,1580262622.09,417,875,552,666,293,one,
35.8781619072,1580262622.09,419,876,552,671,293,one,
35.8783428669,1580262622.09,419,876,551,672,291,one,
35.8785328865,1580262622.09,418,877,555,670,286,one,
35.8790049553,1580262622.09,415,876,555,671,288,one,
35.8794119358,1580262622.09,417,876,555,672,294,one,
35.8797819614,1580262622.09,418,876,553,672,293,one,
35.8801429272,1580262622.09,417,877,551,671,292,one,
35.8803188801,1580262622.09,417,876,552,670,289,one,
35.8806419373,1580262622.09,419,877,553,672,293,one,
35.8810918331,1580262622.09,418,876,553,670,293,one,
35.8815209866,1580262622.09,419,874,551,670,291,one,
35.8818259239,1580262622.09,417,877,550,670,290,one,
35.8820729256,1580262622.09,419,875,552,671,292,one,
35.8823199272,1580262622.09,420,876,550,672,290,one,
35.8825588226,1580262622.09,414,874,552,668,290,one,
35.882794857,1580262622.09,419,877,552,669,290,one,
35.8830358982,1580262622.09,419,877,552,671,294,one,
35.8833198547,1580262622.09,417,877,551,671,293,one,
35.8835799694,1580262622.09,417,874,550,670,290,one,
35.8838047981,1580262622.09,420,876,549,670,292,one,
35.8839628696,1580262622.09,419,875,551,671,294,one,
35.884116888,1580262622.09,418,877,549,670,293,one,
35.884267807,1580262622.09,418,877,553,668,290,one,
35.8844208717,1580262622.09,417,877,550,669,291,one,
35.8845729828,1580262622.09,417,875,551,671,294,one,
35.8847258091,1580262622.09,418,875,551,669,293,one,
35.8848779202,1580262622.09,417,877,551,669,291,one,
35.8850297928,1580262622.09,417,877,551,668,293,one,
35.8851819038,1580262622.09,420,876,551,669,296,one,
35.8853349686,1580262622.09,417,876,550,670,294,one,
35.8854868412,1580262622.09,419,877,551,669,292,one,
35.8856389523,1580262622.09,419,877,550,670,292,one,
35.8857908249,1580262622.09,419,877,552,671,297,one,
35.8859419823,1580262622.09,419,875,551,670,294,one,
35.8861098289,1580262622.09,415,877,550,669,293,one,
35.88626194,1580262622.09,419,878,549,668,295,one,
35.8864150047,1580262622.09,420,877,552,670,297,one,
35.886567831,1580262622.1,417,878,552,669,296,one,
35.8867208958,1580262622.1,419,877,552,668,292,one,
35.8868758678,1580262622.1,419,877,550,668,294,one,
35.8870267868,1580262622.1,421,877,551,670,299,one,
35.8871798515,1580262622.1,419,876,552,669,293,one,
35.8873448372,1580262622.1,419,876,551,666,295,one,
35.8874998093,1580262622.1,420,877,552,669,298,one,
35.887652874,1580262622.1,420,875,552,668,298,one,
35.8878059387,1580262622.1,420,877,551,665,296,one,
35.8879590034,1580262622.1,419,875,551,667,298,one,
35.8881127834,1580262622.1,419,876,551,668,297,one,
35.8882648945,1580262622.1,420,877,552,669,300,one,
35.8884189129,1580262622.1,419,877,550,668,298,one,
35.8885707855,1580262622.1,418,876,549,666,297,one,
35.8887238503,1580262622.1,420,876,553,666,299,one,
35.888876915,1580262622.1,421,877,552,669,299,one,
35.8890388012,1580262622.1,419,876,552,668,298,one,
35.8891868591,1580262622.1,419,876,553,664,297,one,
35.8893368244,1580262622.1,419,875,552,668,298,one,
35.8894989491,1580262622.1,420,876,553,667,300,one,
35.8896517754,1580262622.1,418,874,553,667,297,one,
35.8898029327,1580262622.1,417,876,552,666,295,one,
35.912763834,1580262622.12,419,876,553,668,299,one,
35.9373469353,1580262622.15,419,877,553,668,298,one,
35.9581627846,1580262622.17,417,876,553,666,296,one,
35.9824168682,1580262622.19,417,874,552,665,295,one,
36.0032939911,1580262622.21,418,876,551,667,296,one,
36.0275678635,1580262622.24,418,876,553,667,298,one,
36.0480208397,1580262622.26,419,875,553,666,296,one,
36.0727949142,1580262622.28,418,877,553,666,294,one,
36.0972738266,1580262622.31,420,876,552,667,298,one,
36.1175458431,1580262622.33,418,876,553,667,298,one,
36.1422917843,1580262622.35,417,876,552,665,295,one,
36.1628987789,1580262622.37,419,876,552,664,294,one,
36.1873109341,1580262622.4,419,879,552,666,296,one,
36.2117779255,1580262622.42,418,880,552,666,297,one,
36.2325918674,1580262622.44,417,879,550,663,294,one,
36.257106781,1580262622.47,416,880,549,661,293,one,
36.2774178982,1580262622.49,418,881,550,661,297,one,
36.3021669388,1580262622.51,416,881,546,659,295,one,
36.3264429569,1580262622.54,416,880,546,654,294,one,
36.3469758034,1580262622.56,416,879,545,650,294,one,
36.3715498447,1580262622.58,416,876,542,653,295,one,
36.3920078278,1580262622.6,416,876,542,652,296,one,
36.4164378643,1580262622.63,414,875,539,648,292,one,
36.437281847,1580262622.65,412,875,541,646,292,one,
36.4614768028,1580262622.67,415,876,542,646,295,one,
36.4862649441,1580262622.69,414,878,541,643,295,one,
36.5067358017,1580262622.72,413,878,540,639,289,one,
36.5312519073,1580262622.74,414,879,540,635,291,one,
36.5518388748,1580262622.76,412,879,540,635,294,one,
36.576281786,1580262622.78,412,877,540,634,294,one,
36.6011698246,1580262622.81,412,879,539,631,290,one,
36.6213228703,1580262622.83,412,879,537,630,291,one,
36.6458179951,1580262622.85,413,879,539,632,295,one,
36.6664459705,1580262622.88,413,880,539,632,293,one,
36.6908378601,1580262622.9,410,878,538,628,292,one,
36.7154648304,1580262622.92,413,878,538,628,293,one,
36.7360329628,1580262622.94,413,879,538,628,295,one,
36.7607409954,1580262622.97,413,878,537,629,294,one,
36.7811028957,1580262622.99,413,879,536,627,290,one,
36.8058619499,1580262623.01,413,879,536,627,292,one,
36.8262608051,1580262623.03,415,879,537,629,295,one,
36.8508088589,1580262623.06,413,879,535,628,294,one,
36.8752548695,1580262623.08,414,880,535,627,289,one,
36.8958148956,1580262623.1,416,878,534,624,290,one,
36.920372963,1580262623.13,416,880,534,625,296,one,
36.9411118031,1580262623.15,417,879,535,624,294,one,
36.9655849934,1580262623.17,415,880,532,621,291,one,
36.9898948669,1580262623.2,415,878,533,620,293,one,
37.0104539394,1580262623.22,417,878,533,621,296,one,
37.0350008011,1580262623.24,415,878,532,618,293,one,
37.0563428402,1580262623.26,416,878,532,615,292,one,
37.0805258751,1580262623.29,417,877,534,615,293,one,
37.1046388149,1580262623.31,418,878,534,615,296,one,
37.1249599457,1580262623.33,416,877,535,614,295,one,
37.1495130062,1580262623.36,415,877,533,611,294,one,
37.1702477932,1580262623.38,417,875,535,609,296,one,
37.1946759224,1580262623.4,419,877,537,611,300,one,
37.2150239944,1580262623.42,417,876,537,611,297,one,
37.2396318913,1580262623.45,416,877,537,607,297,one,
37.2644228935,1580262623.47,417,876,539,608,298,one,
37.2876589298,1580262623.5,418,876,539,609,301,one,
37.3092257977,1580262623.52,417,875,539,608,301,one,
37.3319067955,1580262623.54,416,875,538,605,297,one,
37.3542788029,1580262623.56,417,877,538,606,300,one,
37.3799388409,1580262623.59,418,877,539,609,304,one,
37.399356842,1580262623.61,415,878,539,608,301,one,
37.4240849018,1580262623.63,417,877,539,606,299,one,
37.444357872,1580262623.65,417,880,537,606,304,one,
37.4692869186,1580262623.68,419,878,538,607,305,one,
37.4936928749,1580262623.7,417,879,533,608,303,one,
37.5142168999,1580262623.72,416,880,540,606,300,one,
37.5388889313,1580262623.75,416,877,538,606,300,one,
37.5593419075,1580262623.77,417,877,538,604,306,one,
37.5838239193,1580262623.79,417,878,538,603,303,one,
37.604339838,1580262623.81,417,878,539,601,301,one,
37.6288499832,1580262623.84,415,877,540,607,307,one,
37.653293848,1580262623.86,417,877,539,605,304,one,
37.6743957996,1580262623.88,419,877,542,600,303,one,
37.699341774,1580262623.91,415,877,539,604,304,one,
37.7190618515,1580262623.93,417,875,538,607,304,one,
37.7441928387,1580262623.95,419,876,540,606,305,one,
37.768075943,1580262623.98,416,876,541,606,304,one,
37.7884609699,1580262624.0,414,877,540,609,300,one,
37.8129630089,1580262624.02,419,878,537,613,303,one,
37.8334507942,1580262624.04,418,877,541,612,305,one,
37.8584098816,1580262624.07,418,875,540,612,304,one,
37.8827037811,1580262624.09,416,874,541,612,298,one,
37.9032387733,1580262624.11,416,878,540,611,302,one,
37.9278728962,1580262624.14,420,877,540,613,304,one,
37.9481298923,1580262624.16,418,876,540,612,300,one,
37.972673893,1580262624.18,416,875,543,611,295,one,
37.9933738708,1580262624.2,416,878,539,610,306,one,
38.0177979469,1580262624.23,418,876,540,611,303,one,
38.0423409939,1580262624.25,417,877,541,606,299,one,
38.063959837,1580262624.27,417,879,539,606,303,one,
38.0875649452,1580262624.3,418,877,541,611,302,one,
38.1079099178,1580262624.32,417,877,540,614,305,one,
38.1325647831,1580262624.34,419,875,540,611,304,one,
38.1570768356,1580262624.37,415,878,539,613,300,one,
38.1775698662,1580262624.39,419,877,542,613,305,one,
38.2020258904,1580262624.41,420,877,541,615,304,one,
38.2227737904,1580262624.43,419,879,540,613,303,one,
38.2472717762,1580262624.46,419,874,538,612,300,one,
38.2719287872,1580262624.48,420,877,542,614,306,one,
38.2924878597,1580262624.5,416,877,540,616,308,one,
38.3167870045,1580262624.53,414,877,543,611,303,one,
38.3372769356,1580262624.55,416,879,538,616,299,one,
38.3618547916,1580262624.57,421,878,539,618,304,one,
38.3826198578,1580262624.59,421,878,544,617,306,one,
38.4074919224,1580262624.62,417,878,539,618,304,one,
38.4314329624,1580262624.64,419,877,542,616,303,one,
38.4520089626,1580262624.66,418,878,541,620,304,one,
38.4766128063,1580262624.69,420,878,543,618,305,one,
38.4973659515,1580262624.71,418,878,541,620,302,one,
38.5215508938,1580262624.73,419,878,542,619,305,one,
38.5461649895,1580262624.75,419,876,544,620,306,one,
38.5667159557,1580262624.78,419,877,542,622,304,one,
38.5914609432,1580262624.8,417,878,541,615,301,one,
38.6118979454,1580262624.82,421,878,542,618,302,one,
38.636286974,1580262624.84,420,878,540,623,303,one,
38.6608028412,1580262624.87,417,878,542,622,306,one,
38.6815137863,1580262624.89,418,878,542,623,301,one,
38.705906868,1580262624.91,418,879,539,622,304,one,
38.7267839909,1580262624.94,420,879,543,625,306,one,
38.7511198521,1580262624.96,419,879,543,624,304,one,
38.7714607716,1580262624.98,418,879,541,623,303,one,
38.7965829372,1580262625.01,419,880,544,624,306,one,
38.8204798698,1580262625.03,420,879,543,625,309,one,
38.8415157795,1580262625.05,418,878,543,625,307,one,
38.865664959,1580262625.07,418,877,540,624,306,one,
38.8861179352,1580262625.09,416,879,541,624,303,one,
38.9109098911,1580262625.12,421,878,544,626,308,one,
38.9351937771,1580262625.14,422,877,542,626,306,one,
38.9557449818,1580262625.16,419,880,543,624,303,one,
38.9804480076,1580262625.19,421,879,540,625,307,one,
39.0009338856,1580262625.21,420,878,543,627,307,one,
39.0254919529,1580262625.23,421,879,544,624,305,one,
39.050028801,1580262625.26,418,878,539,625,305,one,
39.0705688,1580262625.28,418,878,543,625,303,one,
39.0949919224,1580262625.3,420,876,544,628,306,one,
39.1155638695,1580262625.32,418,879,542,627,303,one,
39.1401789188,1580262625.35,417,877,545,623,302,one,
39.1608109474,1580262625.37,421,873,544,626,308,one,
39.1852149963,1580262625.39,420,877,543,627,306,one,
39.2097909451,1580262625.42,419,877,545,626,305,one,
39.2304008007,1580262625.44,419,878,547,622,305,one,
39.2547409534,1580262625.46,418,878,541,627,305,one,
39.2754778862,1580262625.48,420,878,546,628,309,one,
39.2998948097,1580262625.51,415,877,546,628,307,one,
39.3244497776,1580262625.53,418,879,547,623,304,one,
39.3449058533,1580262625.55,420,878,547,624,307,one,
39.3694469929,1580262625.58,420,879,544,630,308,one,
39.3901689053,1580262625.6,419,878,545,629,304,one,
39.4147520065,1580262625.62,416,879,544,628,304,one,
39.4389669895,1580262625.65,418,879,543,629,303,one,
39.4596078396,1580262625.67,419,877,544,631,305,one,
39.4840018749,1580262625.69,419,877,545,631,299,one,
39.5046467781,1580262625.71,420,879,545,630,302,one,
39.5290558338,1580262625.74,421,876,546,631,303,one,
39.5495758057,1580262625.76,420,878,545,631,304,one,
39.574229002,1580262625.78,413,878,546,627,300,one,
39.5987648964,1580262625.81,418,878,542,629,298,one,
39.6201608181,1580262625.83,418,879,543,625,301,one,
39.6438658237,1580262625.85,420,878,544,628,305,one,
39.6644628048,1580262625.87,418,879,541,627,301,one,
39.6888589859,1580262625.9,416,876,538,620,297,one,
39.7134900093,1580262625.92,419,878,543,626,302,one,
39.7339339256,1580262625.94,418,876,540,625,301,one,
39.7585759163,1580262625.97,413,877,543,621,300,one,
39.7790358067,1580262625.99,417,877,541,622,300,one,
39.8034009933,1580262626.01,417,879,540,622,299,one,
39.8279848099,1580262626.04,419,878,542,623,300,one,
39.8485608101,1580262626.06,417,879,541,624,295,one,
39.8732469082,1580262626.08,417,878,540,617,297,one,
39.8937439919,1580262626.1,418,876,540,622,301,one,
39.9184129238,1580262626.13,417,878,541,621,301,one,
39.9386618137,1580262626.15,416,878,542,622,299,one,
39.9634068012,1580262626.17,416,879,537,618,296,one,
39.9877278805,1580262626.2,418,878,537,621,299,one,
40.0082008839,1580262626.22,418,878,541,622,301,one,
40.032971859,1580262626.24,417,879,541,621,298,one,
40.0533428192,1580262626.26,413,878,535,622,297,one,
40.0778319836,1580262626.29,418,879,540,623,301,one,
40.1023938656,1580262626.31,417,880,539,626,302,one,
40.1230928898,1580262626.33,414,879,539,625,302,one,
40.1475379467,1580262626.36,418,877,538,624,298,one,
40.1680998802,1580262626.38,417,881,536,627,301,one,
40.1926598549,1580262626.4,417,879,539,629,301,one,
40.217143774,1580262626.43,417,882,541,625,298,one,
40.2375898361,1580262626.45,416,880,540,631,297,one,
40.2621958256,1580262626.47,414,883,542,635,301,one,
40.2828059196,1580262626.49,416,881,541,635,298,one,
40.3073728085,1580262626.52,414,881,542,638,296,one,
40.3278357983,1580262626.54,414,882,544,636,295,one,
40.3523538113,1580262626.56,415,882,544,641,298,one,
40.3768758774,1580262626.59,415,880,545,645,299,one,
40.3975138664,1580262626.61,414,881,544,644,298,one,
40.4221549034,1580262626.63,413,879,546,644,294,one,
40.4423189163,1580262626.65,414,880,544,646,300,one,
40.4670219421,1580262626.68,415,879,546,648,299,one,
40.4915299416,1580262626.7,414,878,546,648,297,one,
40.5119478703,1580262626.72,416,879,548,645,297,one,
40.5364999771,1580262626.75,414,879,549,651,300,one,
40.5571579933,1580262626.77,415,879,551,655,300,one,
40.5815498829,1580262626.79,415,881,547,651,296,one,
40.6060469151,1580262626.81,414,881,551,657,300,one,
40.6271219254,1580262626.84,417,883,555,661,302,one,
40.6510808468,1580262626.86,416,882,557,663,300,one,
40.6716258526,1580262626.88,417,881,559,663,295,one,
40.6961698532,1580262626.9,415,884,557,664,297,one,
40.7168679237,1580262626.93,416,883,559,666,303,one,
40.7414309978,1580262626.95,416,883,559,666,300,one,
40.7658228874,1580262626.97,413,883,561,661,297,one,
40.7866148949,1580262627.0,413,883,559,668,298,one,
40.8110189438,1580262627.02,417,883,560,669,301,one,
40.831376791,1580262627.04,415,882,559,668,299,one,
40.8560729027,1580262627.06,415,883,555,667,298,one,
