delta Time, Unix Time, pr1, pr2, pr3, pr4, pr5, label
0.845925092697,1580262733.42,413,876,578,668,277,extend,
0.846854925156,1580262733.42,414,876,578,669,279,extend,
0.847339868546,1580262733.42,414,876,578,670,280,extend,
0.847800970078,1580262733.42,413,876,578,668,277,extend,
0.848258972168,1580262733.42,413,875,577,668,276,extend,
0.84956908226,1580262733.42,414,876,578,669,279,extend,
0.85006403923,1580262733.42,414,876,578,670,280,extend,
0.850550889969,1580262733.42,413,876,578,668,277,extend,
0.851068019867,1580262733.42,413,875,577,668,276,extend,
1.64744901657,1580262734.22,411,874,575,667,271,extend,
1.67198705673,1580262734.24,408,876,575,670,274,extend,
1.69259786606,1580262734.26,412,875,577,671,275,extend,
1.71709799767,1580262734.29,412,876,577,668,273,extend,
1.74147987366,1580262734.31,413,877,577,669,275,extend,
1.76212191582,1580262734.33,412,876,577,670,276,extend,
1.78661298752,1580262734.36,411,874,577,669,273,extend,
1.80730986595,1580262734.38,409,875,576,667,273,extend,
1.83160805702,1580262734.4,413,873,577,668,276,extend,
1.85617804527,1580262734.43,412,876,577,670,276,extend,
1.87679386139,1580262734.45,411,875,576,668,272,extend,
1.90129494667,1580262734.47,412,876,577,668,274,extend,
1.92176389694,1580262734.49,413,876,578,671,275,extend,
1.94624495506,1580262734.52,412,876,578,669,276,extend,
1.97109103203,1580262734.54,412,875,575,669,271,extend,
1.99141907692,1580262734.56,412,876,578,668,273,extend,
2.01604700089,1580262734.59,413,874,577,669,276,extend,
2.03662395477,1580262734.61,413,875,577,670,275,extend,
2.06142902374,1580262734.63,411,876,575,668,273,extend,
2.08165097237,1580262734.65,412,875,577,667,274,extend,
2.10612392426,1580262734.68,412,875,577,670,276,extend,
2.13053607941,1580262734.7,412,876,577,670,275,extend,
2.15097904205,1580262734.72,410,877,575,669,272,extend,
2.17558002472,1580262734.74,412,878,575,668,272,extend,
2.19612908363,1580262734.77,413,876,574,663,276,extend,
2.22090196609,1580262734.79,413,870,565,645,274,extend,
2.24528503418,1580262734.81,412,860,554,612,269,extend,
2.26654291153,1580262734.84,411,851,547,572,267,extend,
2.2902340889,1580262734.86,413,840,538,535,271,extend,
2.31106686592,1580262734.88,414,832,527,501,270,extend,
2.33534598351,1580262734.9,414,823,515,474,267,extend,
2.35986208916,1580262734.93,417,817,507,454,269,extend,
2.38051891327,1580262734.95,419,809,499,438,269,extend,
2.40530204773,1580262734.97,417,807,493,425,268,extend,
2.42556595802,1580262734.99,419,803,487,415,266,extend,
2.45006203651,1580262735.02,420,801,486,411,268,extend,
2.47089385986,1580262735.04,421,800,484,412,270,extend,
2.49517393112,1580262735.06,420,798,482,407,268,extend,
2.51966190338,1580262735.09,420,797,477,403,266,extend,
2.54031705856,1580262735.11,421,796,478,402,266,extend,
2.56493186951,1580262735.13,421,795,476,401,268,extend,
2.58528804779,1580262735.15,421,794,474,398,265,extend,
2.60986495018,1580262735.18,422,793,470,393,264,extend,
2.63437795639,1580262735.2,422,792,467,392,265,extend,
2.65491199493,1580262735.22,421,792,465,395,266,extend,
2.67953300476,1580262735.25,422,789,464,389,263,extend,
2.70004487038,1580262735.27,421,789,458,389,261,extend,
2.72474598885,1580262735.29,422,791,460,392,264,extend,
2.74909496307,1580262735.32,424,791,460,393,264,extend,
2.76962590218,1580262735.34,422,788,459,393,263,extend,
2.79411005974,1580262735.36,423,790,459,390,261,extend,
2.8146879673,1580262735.38,422,789,459,392,263,extend,
2.83925795555,1580262735.41,424,790,460,394,265,extend,
2.85973787308,1580262735.43,423,790,460,394,261,extend,
2.88444304466,1580262735.45,422,791,457,391,261,extend,
2.90878200531,1580262735.48,422,790,461,393,264,extend,
2.92939400673,1580262735.5,423,788,461,395,264,extend,
2.95385789871,1580262735.52,422,790,458,394,262,extend,
2.97448086739,1580262735.54,421,789,460,392,259,extend,
2.99894690514,1580262735.57,424,790,459,395,263,extend,
3.02336001396,1580262735.59,424,790,458,396,265,extend,
3.04410386086,1580262735.61,423,787,458,392,261,extend,
3.06857895851,1580262735.64,423,789,456,391,262,extend,
3.08909702301,1580262735.66,424,790,457,393,264,extend,
3.11360907555,1580262735.68,424,789,457,394,265,extend,
3.13821697235,1580262735.71,421,790,458,390,261,extend,
3.1586458683,1580262735.73,423,788,456,392,261,extend,
3.18314409256,1580262735.75,424,789,455,394,264,extend,
3.20374894142,1580262735.77,423,790,455,396,264,extend,
3.22824192047,1580262735.8,423,788,456,390,262,extend,
3.24878001213,1580262735.82,422,789,454,392,260,extend,
3.27326202393,1580262735.84,424,790,456,397,263,extend,
3.2978079319,1580262735.87,423,790,456,397,264,extend,
3.31831502914,1580262735.89,423,790,456,397,262,extend,
3.34285593033,1580262735.91,421,791,457,397,260,extend,
3.36339998245,1580262735.93,424,791,457,400,264,extend,
3.3881418705,1580262735.96,424,792,458,403,264,extend,
3.41248106956,1580262735.98,423,793,458,402,263,extend,
3.43307304382,1580262736.0,423,792,458,402,263,extend,
3.4576458931,1580262736.03,424,793,457,406,266,extend,
3.47816109657,1580262736.05,424,793,458,406,267,extend,
3.50260901451,1580262736.07,423,794,456,405,264,extend,
3.5273680687,1580262736.1,425,794,460,405,266,extend,
3.54785394669,1580262736.12,426,794,461,409,269,extend,
3.57220506668,1580262736.14,425,794,460,411,268,extend,
3.59282588959,1580262736.16,424,792,460,408,266,extend,
3.61734509468,1580262736.19,424,793,461,407,267,extend,
3.63787388802,1580262736.21,425,794,461,409,270,extend,
3.66236996651,1580262736.23,423,794,460,409,269,extend,
3.6869199276,1580262736.26,423,796,459,408,266,extend,
3.70752286911,1580262736.28,424,796,460,409,267,extend,
3.73199605942,1580262736.3,424,796,461,412,268,extend,
3.75248003006,1580262736.32,420,797,460,411,266,extend,
3.77710986137,1580262736.35,422,795,461,404,264,extend,
3.80170702934,1580262736.37,422,796,462,407,264,extend,
3.82215499878,1580262736.39,423,798,462,409,267,extend,
3.84665203094,1580262736.42,422,797,463,408,267,extend,
3.86720705032,1580262736.44,421,797,463,406,264,extend,
3.89186906815,1580262736.46,423,796,464,407,265,extend,
3.91632890701,1580262736.49,422,798,464,410,268,extend,
3.93679404259,1580262736.51,422,797,462,408,266,extend,
3.96137905121,1580262736.53,420,798,461,407,265,extend,
3.98186802864,1580262736.55,422,796,463,406,265,extend,
4.0064868927,1580262736.58,422,798,464,410,268,extend,
4.03105592728,1580262736.6,419,797,464,407,267,extend,
4.05171489716,1580262736.62,422,797,463,409,263,extend,
4.07599687576,1580262736.65,422,799,465,412,266,extend,
4.09667301178,1580262736.67,422,800,467,415,269,extend,
4.12113809586,1580262736.69,422,801,467,416,266,extend,
4.14161300659,1580262736.71,421,800,465,416,267,extend,
4.16618990898,1580262736.74,422,801,467,420,267,extend,
4.19067287445,1580262736.76,423,802,470,423,270,extend,
4.21125006676,1580262736.78,419,802,469,423,268,extend,
4.23586392403,1580262736.8,418,801,469,421,266,extend,
4.25669908524,1580262736.83,420,803,470,424,269,extend,
4.28074908257,1580262736.85,422,803,470,428,270,extend,
4.30544686317,1580262736.87,419,803,470,427,268,extend,
4.32586288452,1580262736.89,421,801,468,424,267,extend,
4.35045599937,1580262736.92,421,802,470,427,267,extend,
4.37110495567,1580262736.94,422,804,471,430,271,extend,
4.39580798149,1580262736.96,422,804,469,428,267,extend,
4.42009305954,1580262736.99,421,802,468,427,267,extend,
4.44058394432,1580262737.01,421,803,470,426,269,extend,
4.4650759697,1580262737.03,421,802,470,424,270,extend,
4.48561406136,1580262737.05,421,801,468,421,268,extend,
4.51017093658,1580262737.08,420,800,468,419,267,extend,
4.53077197075,1580262737.1,422,801,468,421,268,extend,
4.55521988869,1580262737.12,421,802,467,425,269,extend,
4.57976388931,1580262737.15,421,801,469,424,267,extend,
4.60034894943,1580262737.17,420,802,466,424,264,extend,
4.62498188019,1580262737.19,422,802,469,426,269,extend,
4.64538908005,1580262737.21,423,802,470,427,269,extend,
4.66995191574,1580262737.24,421,800,467,428,266,extend,
4.69441986084,1580262737.26,421,802,470,423,264,extend,
4.71519303322,1580262737.28,421,802,469,427,267,extend,
4.73949790001,1580262737.31,420,803,471,427,268,extend,
4.7600979805,1580262737.33,418,802,469,425,265,extend,
4.78470301628,1580262737.35,420,802,470,425,264,extend,
4.80916905403,1580262737.38,420,803,471,428,265,extend,
4.82975006104,1580262737.4,420,803,472,429,267,extend,
4.85420203209,1580262737.42,421,804,469,426,264,extend,
4.87501502037,1580262737.44,418,801,472,427,265,extend,
4.89935302734,1580262737.47,421,804,472,431,265,extend,
4.91985988617,1580262737.49,421,805,473,432,267,extend,
4.94432592392,1580262737.51,419,803,474,430,266,extend,
4.96901488304,1580262737.54,420,804,473,431,264,extend,
4.98942399025,1580262737.56,421,804,474,433,269,extend,
5.01396894455,1580262737.58,420,804,474,434,268,extend,
5.03444504738,1580262737.6,420,804,470,433,265,extend,
5.05895900726,1580262737.63,421,804,474,433,266,extend,
5.08349990845,1580262737.65,421,803,473,433,268,extend,
5.10404586792,1580262737.67,421,803,471,427,267,extend,
5.12871909142,1580262737.7,420,800,471,419,265,extend,
5.14919900894,1580262737.72,420,800,468,418,264,extend,
5.17365598679,1580262737.74,422,801,470,421,267,extend,
5.19822597504,1580262737.77,422,801,470,423,267,extend,
5.21914291382,1580262737.79,421,800,467,423,264,extend,
5.24337100983,1580262737.81,421,800,469,424,267,extend,
5.26596903801,1580262737.84,422,802,467,427,267,extend,
5.28834486008,1580262737.86,422,801,468,427,267,extend,
5.30893301964,1580262737.88,421,801,467,426,263,extend,
5.3333799839,1580262737.9,422,801,467,426,267,extend,
5.35791492462,1580262737.93,422,802,468,430,269,extend,
5.37852907181,1580262737.95,422,801,468,428,267,extend,
5.40303587914,1580262737.97,420,802,467,426,265,extend,
5.42357897758,1580262737.99,422,803,471,430,267,extend,
5.44817495346,1580262738.02,422,807,477,445,267,extend,
5.47266197205,1580262738.04,419,815,490,473,267,extend,
5.49312400818,1580262738.06,416,828,506,514,266,extend,
5.51766395569,1580262738.09,414,842,526,557,268,extend,
5.53840208054,1580262738.11,413,856,540,592,271,extend,
5.56279397011,1580262738.13,410,864,550,617,270,extend,
5.58733987808,1580262738.16,408,871,556,632,271,extend,
5.60785198212,1580262738.18,411,874,562,641,272,extend,
5.63251686096,1580262738.2,411,877,564,647,275,extend,
5.65286707878,1580262738.22,410,876,564,650,274,extend,
5.67745399475,1580262738.25,409,878,565,649,271,extend,
5.6982550621,1580262738.27,409,878,568,653,271,extend,
5.72254800797,1580262738.29,411,880,570,656,275,extend,
5.74704909325,1580262738.32,409,881,571,657,274,extend,
5.76768493652,1580262738.34,407,882,572,658,272,extend,
5.79228186607,1580262738.36,411,882,575,658,275,extend,
5.81279397011,1580262738.38,411,882,575,659,275,extend,
5.83713102341,1580262738.41,410,883,575,659,275,extend,
5.86164498329,1580262738.43,408,882,576,658,271,extend,
6.81912088394,1580262739.39,410,883,576,659,275,fist,
6.82011508942,1580262739.39,411,884,577,661,277,fist,
6.82059597969,1580262739.39,409,883,577,659,276,fist,
6.8210580349,1580262739.39,408,884,576,660,274,fist,
6.8215110302,1580262739.39,411,883,579,659,275,fist,
6.82198905945,1580262739.39,412,884,578,663,276,fist,
6.82245898247,1580262739.39,410,884,578,660,276,fist,
6.82296705246,1580262739.39,412,884,577,661,276,fist,
6.82344198227,1580262739.39,412,884,578,663,276,fist,
6.82391309738,1580262739.39,412,884,579,663,279,fist,
6.8243830204,1580262739.39,410,883,579,663,276,fist,
6.82485508919,1580262739.39,410,884,579,661,275,fist,
6.82532596588,1580262739.39,411,885,579,663,278,fist,
6.82579803467,1580262739.39,411,885,579,665,278,fist,
6.82626700401,1580262739.4,410,884,579,662,274,fist,
6.82676386833,1580262739.4,410,883,577,663,277,fist,
6.8272550106,1580262739.4,411,884,579,663,277,fist,
6.82770705223,1580262739.4,412,884,580,664,277,fist,
6.82815098763,1580262739.4,409,885,580,664,276,fist,
6.82859492302,1580262739.4,409,885,579,663,276,fist,
6.82918906212,1580262739.4,412,884,580,665,280,fist,
6.82982897758,1580262739.4,410,884,580,667,279,fist,
6.83034896851,1580262739.4,410,883,577,662,275,fist,
6.83086204529,1580262739.4,412,884,580,663,275,fist,
6.83134198189,1580262739.4,412,884,580,665,277,fist,
6.83175301552,1580262739.4,411,884,580,665,278,fist,
6.83206486702,1580262739.4,410,885,577,664,276,fist,
6.83252096176,1580262739.4,409,883,579,663,276,fist,
6.83284091949,1580262739.4,411,885,580,664,278,fist,
6.83315587044,1580262739.4,412,884,579,665,277,fist,
6.83350586891,1580262739.4,408,885,579,664,275,fist,
6.8338239193,1580262739.4,412,884,580,662,277,fist,
6.83413290977,1580262739.4,412,885,578,666,278,fist,
6.83444404602,1580262739.4,412,885,579,666,278,fist,
6.83477306366,1580262739.4,410,885,579,665,276,fist,
6.83508300781,1580262739.4,410,885,578,665,276,fist,
6.83539485931,1580262739.4,413,886,579,666,279,fist,
6.835709095,1580262739.4,412,885,578,666,278,fist,
6.83602309227,1580262739.41,411,885,578,666,276,fist,
6.83633589745,1580262739.41,410,885,579,665,276,fist,
6.83664393425,1580262739.41,412,885,579,666,278,fist,
6.83689808846,1580262739.41,411,884,579,665,278,fist,
6.8446149826,1580262739.41,412,885,578,666,275,fist,
6.86514401436,1580262739.43,411,887,578,666,276,fist,
6.88964104652,1580262739.46,413,887,578,668,279,fist,
6.91442394257,1580262739.48,411,887,575,668,278,fist,
6.93469285965,1580262739.5,409,887,574,665,275,fist,
6.9594168663,1580262739.53,411,887,571,664,275,fist,
6.98012208939,1580262739.55,411,887,570,664,277,fist,
7.00448608398,1580262739.57,410,885,568,663,276,fist,
7.02903199196,1580262739.6,410,885,563,660,275,fist,
7.04955291748,1580262739.62,409,884,563,658,274,fist,
7.0739979744,1580262739.64,412,882,560,657,278,fist,
7.0945789814,1580262739.66,411,882,551,654,275,fist,
7.1192009449,1580262739.69,414,879,543,645,275,fist,
7.14366006851,1580262739.71,420,877,539,638,278,fist,
7.16423392296,1580262739.73,422,870,535,632,282,fist,
7.18872594833,1580262739.76,424,865,531,625,283,fist,
7.2092769146,1580262739.78,420,859,532,619,284,fist,
7.23396801949,1580262739.8,425,857,530,619,286,fist,
7.25434207916,1580262739.82,427,853,531,619,291,fist,
7.27897500992,1580262739.85,427,854,530,617,290,fist,
7.30351901054,1580262739.87,426,854,527,613,288,fist,
7.32429599762,1580262739.89,432,854,524,613,293,fist,
7.34855294228,1580262739.92,428,856,521,612,292,fist,
7.3690469265,1580262739.94,429,856,523,608,293,fist,
7.39355301857,1580262739.96,430,858,524,607,290,fist,
7.41809988022,1580262739.99,429,857,523,605,291,fist,
7.43859505653,1580262740.01,431,859,526,607,295,fist,
7.46326494217,1580262740.03,432,860,528,604,293,fist,
7.4836359024,1580262740.05,428,861,527,599,290,fist,
7.50818991661,1580262740.08,433,858,529,608,292,fist,
7.53273391724,1580262740.1,431,860,530,607,293,fist,
7.55322790146,1580262740.12,426,861,531,608,291,fist,
7.57794094086,1580262740.15,427,859,536,609,289,fist,
7.59841990471,1580262740.17,428,860,532,609,289,fist,
7.62290501595,1580262740.19,430,859,534,610,291,fist,
7.64357304573,1580262740.21,429,861,533,611,289,fist,
7.66802501678,1580262740.24,428,857,536,609,287,fist,
7.69249296188,1580262740.26,429,859,532,613,292,fist,
7.71308088303,1580262740.28,430,859,535,611,293,fist,
7.73776888847,1580262740.31,426,860,535,608,290,fist,
7.75802397728,1580262740.33,430,858,538,610,287,fist,
7.78256392479,1580262740.35,428,858,536,608,291,fist,
7.80714201927,1580262740.38,431,858,536,606,293,fist,
7.82782793045,1580262740.4,429,858,533,603,292,fist,
7.85224103928,1580262740.42,428,859,537,599,288,fist,
7.87276387215,1580262740.44,429,857,537,604,293,fist,
7.89729094505,1580262740.47,430,857,536,604,291,fist,
7.92182087898,1580262740.49,425,856,536,599,289,fist,
7.9423558712,1580262740.51,431,857,533,600,288,fist,
7.96681594849,1580262740.54,429,856,537,603,290,fist,
7.9875690937,1580262740.56,429,858,536,604,292,fist,
8.01196408272,1580262740.58,425,858,539,602,289,fist,
8.03240704536,1580262740.6,426,858,536,603,288,fist,
8.05707907677,1580262740.63,429,858,536,603,291,fist,
8.08174586296,1580262740.65,428,858,536,603,291,fist,
8.10217499733,1580262740.67,426,859,537,602,289,fist,
8.12669205666,1580262740.7,429,857,538,604,287,fist,
8.14743494987,1580262740.72,428,860,537,606,291,fist,
8.17174291611,1580262740.74,429,859,538,609,293,fist,
8.19625306129,1580262740.77,427,860,539,608,290,fist,
8.2168700695,1580262740.79,430,857,540,608,290,fist,
8.24163007736,1580262740.81,432,860,542,612,297,fist,
8.26192998886,1580262740.83,433,859,542,612,299,fist,
8.28632497787,1580262740.86,433,860,543,612,297,fist,
8.31085991859,1580262740.88,433,860,543,613,299,fist,
8.33140492439,1580262740.9,433,858,544,612,303,fist,
8.35597586632,1580262740.93,433,857,545,612,300,fist,
8.37662696838,1580262740.95,434,859,545,611,300,fist,
8.4012658596,1580262740.97,432,857,545,609,302,fist,
8.42168998718,1580262740.99,434,856,546,610,303,fist,
8.44614887238,1580262741.02,432,855,545,608,304,fist,
8.47066903114,1580262741.04,432,854,540,604,300,fist,
8.49121904373,1580262741.06,435,852,546,604,302,fist,
8.51570487022,1580262741.08,434,855,543,607,303,fist,
8.53630208969,1580262741.11,434,855,544,607,301,fist,
8.5610229969,1580262741.13,433,855,543,607,298,fist,
8.5853998661,1580262741.15,431,854,543,605,295,fist,
8.60585403442,1580262741.17,430,854,545,609,300,fist,
8.63055086136,1580262741.2,429,854,545,610,298,fist,
8.65094208717,1580262741.22,432,854,544,609,295,fist,
8.67541909218,1580262741.24,432,853,547,609,295,fist,
8.70002007484,1580262741.27,431,853,544,611,298,fist,
8.72072505951,1580262741.29,433,853,548,607,298,fist,
8.74510192871,1580262741.31,430,853,545,612,296,fist,
8.76567792892,1580262741.33,432,854,546,610,299,fist,
8.7901160717,1580262741.36,435,854,546,614,304,fist,
8.81066989899,1580262741.38,432,855,548,616,304,fist,
8.83531498909,1580262741.4,432,854,549,614,299,fist,
8.85977196693,1580262741.43,436,855,549,613,307,fist,
8.8803050518,1580262741.45,434,855,549,617,306,fist,
8.90490007401,1580262741.47,434,852,551,617,308,fist,
8.9253590107,1580262741.49,436,855,550,617,305,fist,
8.94991993904,1580262741.52,434,855,550,617,305,fist,
8.97447299957,1580262741.54,435,856,551,620,309,fist,
8.99494504929,1580262741.56,434,856,550,620,307,fist,
9.01947689056,1580262741.59,434,852,550,618,301,fist,
9.04017806053,1580262741.61,438,856,552,618,306,fist,
9.06457901001,1580262741.63,435,856,551,617,308,fist,
9.08902287483,1580262741.66,436,856,551,615,305,fist,
9.10963702202,1580262741.68,434,853,550,613,302,fist,
9.13423204422,1580262741.7,433,855,548,613,303,fist,
9.15468001366,1580262741.72,433,854,548,615,303,fist,
9.17920088768,1580262741.75,433,854,549,614,303,fist,
9.1998128891,1580262741.77,431,852,549,614,299,fist,
9.22439789772,1580262741.79,434,853,549,616,302,fist,
9.24884295464,1580262741.82,431,855,547,615,303,fist,
9.26945090294,1580262741.84,432,853,547,614,300,fist,
9.29381394386,1580262741.86,431,854,549,609,296,fist,
9.31442594528,1580262741.88,432,854,548,613,300,fist,
9.33890199661,1580262741.91,433,854,550,614,303,fist,
9.36351799965,1580262741.93,433,855,546,613,304,fist,
9.38405299187,1580262741.95,429,856,549,610,303,fist,
9.40851092339,1580262741.98,434,854,551,615,308,fist,
9.42916297913,1580262742.0,433,855,550,616,309,fist,
9.45371508598,1580262742.02,434,855,550,617,308,fist,
9.47829794884,1580262742.05,433,855,551,615,309,fist,
9.49884796143,1580262742.07,436,854,551,618,311,fist,
9.52317094803,1580262742.09,434,857,552,617,314,fist,
9.54386401176,1580262742.11,432,855,547,619,313,fist,
9.56834387779,1580262742.14,435,856,550,616,311,fist,
9.5888710022,1580262742.16,439,856,555,620,313,fist,
9.61347293854,1580262742.18,439,857,552,621,316,fist,
9.63812994957,1580262742.21,436,856,554,619,309,fist,
9.65854787827,1580262742.23,438,856,552,620,309,fist,
9.6830329895,1580262742.25,436,856,553,616,314,fist,
9.70351791382,1580262742.27,436,856,555,619,311,fist,
9.72815299034,1580262742.3,434,855,552,614,311,fist,
9.75255203247,1580262742.32,435,855,552,612,306,fist,
9.77310705185,1580262742.34,435,856,551,610,312,fist,
9.79778504372,1580262742.37,435,855,551,612,310,fist,
9.81827497482,1580262742.39,435,853,552,607,307,fist,
9.84273695946,1580262742.41,432,854,550,613,307,fist,
9.86731886864,1580262742.44,434,854,551,612,310,fist,
9.88818097115,1580262742.46,435,854,553,615,310,fist,
9.91249299049,1580262742.48,433,855,553,615,306,fist,
9.93284988403,1580262742.5,433,856,554,625,306,fist,
9.95738601685,1580262742.53,435,858,556,633,312,fist,
9.97801303864,1580262742.55,434,859,558,639,310,fist,
10.0024840832,1580262742.57,432,863,559,641,305,fist,
10.0270380974,1580262742.6,435,865,562,645,312,fist,
10.0476789474,1580262742.62,433,868,561,647,314,fist,
10.0720319748,1580262742.64,434,869,563,649,314,fist,
10.0926480293,1580262742.66,434,868,563,651,314,fist,
10.1171879768,1580262742.69,433,870,566,651,309,fist,
10.1415920258,1580262742.71,435,873,568,655,314,fist,
10.1620988846,1580262742.73,433,873,570,655,315,fist,
10.1866278648,1580262742.76,430,873,570,657,314,fist,
10.2072188854,1580262742.78,434,871,568,660,313,fist,
10.2318739891,1580262742.8,434,873,573,661,315,fist,
10.2566280365,1580262742.83,434,873,574,661,312,fist,
10.276747942,1580262742.85,434,872,572,656,310,fist,
10.3013970852,1580262742.87,432,871,569,658,308,fist,
10.3220150471,1580262742.89,434,872,566,658,312,fist,
10.3465600014,1580262742.92,433,871,563,658,308,fist,
10.3669469357,1580262742.94,427,869,559,653,302,fist,
10.3915939331,1580262742.96,432,873,562,657,306,fist,
10.4161920547,1580262742.99,431,871,562,657,306,fist,
10.436496973,1580262743.01,430,872,563,657,304,fist,
10.4610729218,1580262743.03,430,872,562,656,302,fist,
10.4818820953,1580262743.05,427,873,560,655,303,fist,
10.5061838627,1580262743.08,428,874,564,658,303,fist,
10.5309009552,1580262743.1,428,875,564,653,302,fist,
10.5514490604,1580262743.12,426,874,563,657,298,fist,
10.5759370327,1580262743.15,428,876,565,659,301,fist,
10.5964119434,1580262743.17,428,875,564,659,302,fist,
10.620828867,1580262743.19,422,875,559,659,297,fist,
10.6458230019,1580262743.21,426,873,564,658,299,fist,
10.666009903,1580262743.24,426,875,563,656,298,fist,
10.6909179688,1580262743.26,428,877,563,660,302,fist,
10.711001873,1580262743.28,425,878,565,661,301,fist,
10.7356729507,1580262743.3,424,874,565,660,295,fist,
10.755959034,1580262743.33,425,878,567,662,300,fist,
10.7807290554,1580262743.35,428,878,567,662,301,fist,
10.8050880432,1580262743.37,427,876,566,662,298,fist,
10.8256099224,1580262743.39,426,877,568,661,299,fist,
10.8502008915,1580262743.42,426,877,564,662,298,fist,
10.8708000183,1580262743.44,427,878,568,662,300,fist,
10.8954129219,1580262743.46,425,877,568,661,295,fist,
10.9198870659,1580262743.49,422,879,563,660,296,fist,
10.9407908916,1580262743.51,426,878,564,664,300,fist,
10.9650120735,1580262743.53,427,878,568,662,299,fist,
10.9865410328,1580262743.56,422,879,568,664,293,fist,
11.011054039,1580262743.58,423,878,568,663,295,fist,
11.0344290733,1580262743.6,425,878,567,662,298,fist,
11.0549480915,1580262743.62,426,879,566,663,301,fist,
11.0796818733,1580262743.65,423,879,568,662,296,fist,
11.1000270844,1580262743.67,425,879,567,657,295,fist,
11.1245410442,1580262743.69,428,877,568,661,299,fist,
11.1458039284,1580262743.71,427,876,567,662,301,fist,
11.1698520184,1580262743.74,423,877,568,660,295,fist,
11.1941549778,1580262743.76,426,876,569,660,292,fist,
11.2149989605,1580262743.78,424,877,567,659,297,fist,
11.2392859459,1580262743.81,428,877,567,664,297,fist,
11.2597548962,1580262743.83,425,878,570,658,297,fist,
11.2843360901,1580262743.85,424,877,568,658,299,fist,
11.3088979721,1580262743.88,426,876,568,663,300,fist,
11.3296539783,1580262743.9,428,878,569,663,299,fist,
11.3541669846,1580262743.92,424,876,570,660,295,fist,
11.3744859695,1580262743.94,427,877,568,661,292,fist,
11.3992140293,1580262743.97,424,877,569,662,297,fist,
11.4236660004,1580262743.99,426,877,569,664,296,fist,
11.4441189766,1580262744.01,423,877,571,661,294,fist,
11.4687330723,1580262744.04,425,875,568,659,297,fist,
11.4893109798,1580262744.06,425,878,568,665,299,fist,
11.5137710571,1580262744.08,426,877,570,664,298,fist,
11.5345239639,1580262744.1,426,878,570,665,290,fist,
11.5588860512,1580262744.13,425,876,574,663,298,fist,
11.5834419727,1580262744.15,426,877,571,664,299,fist,
11.6040148735,1580262744.17,425,876,570,664,296,fist,
11.6285550594,1580262744.2,425,878,566,663,296,fist,
11.6491689682,1580262744.22,424,878,573,663,297,fist,
11.6737189293,1580262744.24,425,878,570,665,296,fist,
11.6981248856,1580262744.27,424,877,570,665,297,fist,
11.7186970711,1580262744.29,422,877,571,664,294,fist,
11.743144989,1580262744.31,420,878,567,664,295,fist,
11.7637300491,1580262744.33,425,876,571,663,296,fist,
11.7882928848,1580262744.36,425,878,569,664,291,fist,
11.8128190041,1580262744.38,425,875,570,664,290,fist,
11.8334350586,1580262744.4,422,878,571,662,294,fist,
13.1692888737,1580262745.74,425,878,572,665,296,one,
13.1700589657,1580262745.74,424,878,572,663,294,one,
13.170566082,1580262745.74,420,878,571,661,291,one,
13.1711440086,1580262745.74,424,878,571,663,295,one,
13.1716449261,1580262745.74,425,878,572,664,295,one,
13.1721310616,1580262745.74,425,878,575,663,294,one,
13.1727900505,1580262745.74,422,877,572,661,290,one,
13.1733028889,1580262745.74,422,877,570,663,292,one,
13.1737890244,1580262745.74,423,878,570,665,294,one,
13.1742720604,1580262745.74,424,877,572,664,292,one,
13.1747839451,1580262745.74,423,876,569,662,291,one,
13.1752729416,1580262745.74,424,877,572,665,294,one,
13.1757569313,1580262745.74,424,877,572,665,292,one,
13.1762390137,1580262745.75,425,876,572,661,293,one,
13.1767449379,1580262745.75,424,875,572,663,293,one,
13.1772298813,1580262745.75,423,878,570,665,291,one,
13.1776130199,1580262745.75,422,878,569,665,295,one,
13.1779489517,1580262745.75,422,878,574,666,294,one,
13.1784899235,1580262745.75,422,877,567,664,291,one,
13.1788780689,1580262745.75,424,878,572,666,294,one,
13.1792449951,1580262745.75,424,877,569,665,294,one,
13.1796078682,1580262745.75,422,876,570,665,290,one,
13.1799910069,1580262745.75,422,878,572,661,290,one,
13.1805119514,1580262745.75,423,877,573,664,289,one,
13.1809179783,1580262745.75,424,878,572,667,292,one,
13.1812729836,1580262745.75,423,878,572,666,288,one,
13.1815979481,1580262745.75,420,877,571,663,290,one,
13.1819648743,1580262745.75,421,878,572,666,291,one,
13.18227005,1580262745.75,423,878,572,666,292,one,
13.1825459003,1580262745.75,420,878,572,664,289,one,
13.1827840805,1580262745.75,422,877,572,662,288,one,
13.1830329895,1580262745.75,422,877,572,664,291,one,
13.1832618713,1580262745.75,418,879,573,666,291,one,
13.1834900379,1580262745.75,422,875,572,665,290,one,
13.1837198734,1580262745.75,421,876,572,663,286,one,
13.1839458942,1580262745.75,422,877,572,664,292,one,
13.1841728687,1580262745.75,424,877,573,666,292,one,
13.1844010353,1580262745.75,417,877,572,664,289,one,
13.1846420765,1580262745.75,422,877,570,664,287,one,
13.1848750114,1580262745.75,421,877,572,664,287,one,
13.1851038933,1580262745.75,421,878,573,666,290,one,
13.1853330135,1580262745.75,421,874,572,666,287,one,
13.1855630875,1580262745.75,420,875,572,664,284,one,
13.185792923,1580262745.75,422,878,570,666,289,one,
13.1860229969,1580262745.76,423,877,572,666,288,one,
13.1862509251,1580262745.76,418,878,569,666,288,one,
13.1864790916,1580262745.76,422,876,572,665,287,one,
13.1867160797,1580262745.76,421,877,573,666,289,one,
13.1869499683,1580262745.76,422,876,573,667,290,one,
13.1871790886,1580262745.76,421,879,573,664,288,one,
13.187404871,1580262745.76,420,876,573,666,288,one,
13.1876060963,1580262745.76,423,878,574,666,292,one,
13.1877889633,1580262745.76,422,876,573,666,290,one,
13.187969923,1580262745.76,419,877,572,664,288,one,
13.1881530285,1580262745.76,420,878,572,663,289,one,
13.1883349419,1580262745.76,421,878,573,665,291,one,
13.1885180473,1580262745.76,422,877,574,665,290,one,
13.188710928,1580262745.76,420,877,571,664,289,one,
13.1888968945,1580262745.76,419,877,572,664,288,one,
13.2051429749,1580262745.77,422,876,574,664,291,one,
13.2297379971,1580262745.8,423,877,572,664,289,one,
13.2543189526,1580262745.82,420,877,572,662,286,one,
13.2748000622,1580262745.84,421,877,573,661,289,one,
13.2996320724,1580262745.87,422,877,573,665,290,one,
13.3199770451,1580262745.89,421,877,573,664,290,one,
13.3444578648,1580262745.91,420,878,572,663,288,one,
13.3689959049,1580262745.94,421,878,573,662,289,one,
13.3896799088,1580262745.96,422,877,573,665,291,one,
13.4140899181,1580262745.98,422,878,572,664,290,one,
13.4345200062,1580262746.0,420,877,572,663,290,one,
13.4592010975,1580262746.03,422,877,572,664,287,one,
13.4796860218,1580262746.05,419,877,571,665,291,one,
13.5042490959,1580262746.07,417,875,573,664,289,one,
13.5287408829,1580262746.1,421,877,573,662,286,one,
13.5495350361,1580262746.12,418,876,568,660,287,one,
13.5737969875,1580262746.14,420,874,567,657,291,one,
13.5944139957,1580262746.16,417,872,565,654,284,one,
13.6190159321,1580262746.19,418,872,560,649,285,one,
13.6436328888,1580262746.21,420,871,559,642,289,one,
13.6640219688,1580262746.23,419,871,556,639,289,one,
13.688642025,1580262746.26,418,870,552,634,286,one,
13.7091920376,1580262746.28,418,869,548,633,284,one,
13.7336258888,1580262746.3,417,870,549,628,286,one,
13.7582280636,1580262746.33,419,867,550,629,285,one,
13.7786898613,1580262746.35,418,869,548,628,284,one,
13.8033108711,1580262746.37,419,865,548,623,282,one,
13.8238060474,1580262746.39,422,868,547,626,282,one,
13.8484549522,1580262746.42,418,867,548,623,284,one,
13.8689658642,1580262746.44,414,864,550,624,280,one,
13.8935120106,1580262746.46,413,868,547,624,279,one,
13.9178860188,1580262746.49,418,868,545,622,281,one,
13.9384129047,1580262746.51,418,868,546,622,282,one,
13.9629700184,1580262746.53,419,867,547,620,278,one,
13.9835479259,1580262746.55,415,868,540,619,278,one,
14.0080358982,1580262746.58,417,868,545,621,281,one,
14.0325760841,1580262746.6,417,868,543,621,280,one,
14.0534820557,1580262746.62,414,865,540,623,279,one,
14.0776228905,1580262746.65,418,870,545,623,277,one,
14.0981659889,1580262746.67,417,870,544,624,281,one,
14.1227018833,1580262746.69,420,870,546,627,284,one,
14.1474380493,1580262746.72,419,871,545,628,284,one,
14.1678309441,1580262746.74,420,872,549,626,285,one,
14.1923089027,1580262746.76,421,872,545,630,290,one,
14.2129368782,1580262746.78,421,872,546,629,289,one,
14.2374169827,1580262746.81,422,872,549,625,289,one,
14.2579488754,1580262746.83,422,872,548,628,289,one,
14.2823178768,1580262746.85,421,872,549,630,291,one,
14.3069748878,1580262746.88,423,873,549,630,294,one,
14.3275918961,1580262746.9,423,872,543,631,289,one,
14.3521220684,1580262746.92,419,871,550,624,290,one,
14.3728499413,1580262746.94,424,872,546,630,294,one,
14.3971879482,1580262746.97,424,873,549,631,294,one,
14.4215800762,1580262746.99,422,872,547,629,289,one,
14.4420909882,1580262747.01,424,872,549,628,289,one,
14.4667460918,1580262747.04,424,872,547,629,292,one,
14.4871890545,1580262747.06,423,871,547,627,291,one,
14.5117819309,1580262747.08,422,868,548,625,289,one,
14.5363309383,1580262747.11,421,872,546,623,289,one,
14.5568239689,1580262747.13,422,872,546,629,291,one,
14.5813810825,1580262747.15,424,871,549,630,292,one,
14.6019580364,1580262747.17,420,871,548,629,288,one,
14.6265048981,1580262747.2,423,871,549,626,286,one,
14.651268959,1580262747.22,423,869,547,627,293,one,
14.671546936,1580262747.24,424,870,549,627,293,one,
14.6960399151,1580262747.27,425,872,549,628,293,one,
14.7168710232,1580262747.29,426,871,552,627,295,one,
14.7411119938,1580262747.31,425,871,552,630,300,one,
14.7615420818,1580262747.33,425,872,553,631,301,one,
14.7860898972,1580262747.36,425,871,551,630,300,one,
14.8108050823,1580262747.38,425,871,549,629,297,one,
14.8312110901,1580262747.4,427,872,550,633,301,one,
14.8557898998,1580262747.42,427,873,552,631,301,one,
14.8764688969,1580262747.45,425,872,550,632,299,one,
14.9008829594,1580262747.47,424,871,553,631,299,one,
14.9253599644,1580262747.49,425,873,554,633,302,one,
14.946007967,1580262747.52,425,871,553,632,301,one,
14.9706089497,1580262747.54,423,872,553,635,295,one,
14.9910678864,1580262747.56,427,874,555,635,296,one,
15.0155138969,1580262747.58,424,873,555,636,301,one,
15.040102005,1580262747.61,424,874,554,637,300,one,
15.0606410503,1580262747.63,424,872,555,637,299,one,
15.0850849152,1580262747.65,422,872,555,635,300,one,
15.1055600643,1580262747.67,426,872,556,639,303,one,
15.1303448677,1580262747.7,424,873,556,638,301,one,
15.1507759094,1580262747.72,422,873,556,634,300,one,
15.1753308773,1580262747.74,424,873,557,638,302,one,
15.19977808,1580262747.77,427,873,557,636,305,one,
15.2203600407,1580262747.79,424,872,557,638,301,one,
15.2450020313,1580262747.81,425,872,558,631,302,one,
15.2663040161,1580262747.84,425,873,555,636,301,one,
15.2898709774,1580262747.86,426,872,558,639,306,one,
15.3145558834,1580262747.88,427,872,559,638,304,one,
15.335105896,1580262747.9,423,871,557,635,301,one,
15.3595170975,1580262747.93,426,870,561,637,301,one,
15.3802490234,1580262747.95,425,873,558,637,304,one,
15.4045729637,1580262747.97,427,870,558,639,303,one,
15.4292330742,1580262748.0,428,874,558,634,301,one,
15.4498260021,1580262748.02,423,873,557,637,303,one,
15.4741640091,1580262748.04,426,872,558,639,305,one,
15.494946003,1580262748.06,427,871,560,636,301,one,
15.5194308758,1580262748.09,421,871,558,636,294,one,
15.5397450924,1580262748.11,426,872,558,638,304,one,
15.5645608902,1580262748.13,426,874,559,637,304,one,
15.5889279842,1580262748.16,425,874,557,638,299,one,
15.6101050377,1580262748.18,422,871,553,634,299,one,
15.6341619492,1580262748.2,424,871,557,635,299,one,
15.6544280052,1580262748.22,426,871,557,637,300,one,
15.6791319847,1580262748.25,420,872,559,630,298,one,
15.703494072,1580262748.27,426,874,555,633,293,one,
15.7241909504,1580262748.29,423,872,557,635,297,one,
15.7487199306,1580262748.32,424,873,556,635,301,one,
15.7692508698,1580262748.34,420,873,550,634,298,one,
15.7936720848,1580262748.36,419,871,558,631,295,one,
15.8182690144,1580262748.39,422,872,555,634,296,one,
15.8386929035,1580262748.41,425,872,556,637,300,one,
15.8634450436,1580262748.43,424,873,552,634,298,one,
15.8839418888,1580262748.45,421,871,556,633,297,one,
15.9084420204,1580262748.48,425,873,555,633,302,one,
15.9289400578,1580262748.5,424,872,553,633,302,one,
15.953690052,1580262748.52,424,870,555,633,300,one,
15.9781429768,1580262748.55,423,874,554,627,302,one,
15.9987530708,1580262748.57,425,872,555,632,301,one,
16.0231320858,1580262748.59,421,872,556,633,304,one,
16.0436038971,1580262748.61,423,872,553,632,301,one,
16.0682849884,1580262748.64,422,873,550,634,300,one,
16.0927109718,1580262748.66,425,869,555,632,306,one,
16.1133918762,1580262748.68,426,871,556,635,302,one,
16.1378750801,1580262748.71,423,870,555,634,303,one,
16.1584460735,1580262748.73,424,872,556,633,299,one,
16.182972908,1580262748.75,424,872,555,634,303,one,
16.2073280811,1580262748.78,424,872,555,637,301,one,
16.2280840874,1580262748.8,423,871,556,634,302,one,
16.2523059845,1580262748.82,422,872,553,634,298,one,
16.2728800774,1580262748.84,424,871,555,635,303,one,
16.2975039482,1580262748.87,422,873,556,636,303,one,
16.3180859089,1580262748.89,421,874,555,634,298,one,
16.3425638676,1580262748.91,420,873,556,631,301,one,
16.3671450615,1580262748.94,424,873,554,638,300,one,
16.3878669739,1580262748.96,424,874,556,635,302,one,
16.4121639729,1580262748.98,424,874,556,633,301,one,
16.432708025,1580262749.0,422,872,554,636,301,one,
16.4572379589,1580262749.03,425,873,554,634,303,one,
16.4818980694,1580262749.05,424,871,555,636,302,one,
16.5023698807,1580262749.07,417,873,554,632,299,one,
16.5267510414,1580262749.1,424,874,553,631,301,one,
16.5474228859,1580262749.12,424,872,554,634,303,one,
16.5718929768,1580262749.14,424,872,553,633,302,one,
16.5964820385,1580262749.17,423,873,553,632,296,one,
16.6170120239,1580262749.19,418,873,551,632,298,one,
16.6415779591,1580262749.21,424,872,553,636,304,one,
16.6619899273,1580262749.23,425,873,553,638,300,one,
16.6865549088,1580262749.26,421,872,555,640,299,one,
16.7070479393,1580262749.28,426,876,561,644,300,one,
16.7316949368,1580262749.3,424,876,559,650,303,one,
16.7561779022,1580262749.33,420,876,560,653,303,one,
16.7768070698,1580262749.35,423,877,563,652,299,one,
16.801347971,1580262749.37,422,877,561,657,300,one,
16.8217830658,1580262749.39,426,878,564,662,303,one,
16.8463339806,1580262749.42,425,879,567,662,301,one,
16.8708360195,1580262749.44,423,880,562,663,301,one,
16.8917880058,1580262749.46,425,879,570,664,304,one,
16.9158408642,1580262749.48,424,880,568,668,303,one,
16.9364910126,1580262749.51,422,881,571,667,304,one,
16.9610199928,1580262749.53,425,882,569,670,301,one,
16.9857978821,1580262749.55,422,883,571,668,306,one,
17.0060470104,1580262749.58,426,882,574,673,308,one,
17.0305230618,1580262749.6,425,884,576,674,306,one,
17.0511169434,1580262749.62,422,881,574,673,305,one,
17.0757060051,1580262749.64,428,884,578,674,308,one,
17.0961420536,1580262749.67,425,884,578,675,309,one,
17.1207659245,1580262749.69,425,884,578,673,308,one,
17.1454179287,1580262749.71,427,885,581,670,309,one,
17.1658010483,1580262749.73,425,885,577,673,309,one,
17.1903550625,1580262749.76,425,883,579,673,313,one,
17.2109959126,1580262749.78,427,886,578,673,306,one,
17.2358410358,1580262749.8,427,885,577,671,307,one,
17.2601668835,1580262749.83,430,886,580,674,313,one,
17.2804100513,1580262749.85,428,886,579,675,312,one,
17.3049759865,1580262749.87,428,883,578,669,313,one,
17.3253629208,1580262749.89,427,883,582,672,311,one,
17.3499679565,1580262749.92,427,885,578,672,313,one,
17.3745980263,1580262749.94,429,885,579,674,316,one,
17.3955628872,1580262749.96,428,885,575,670,313,one,
17.4196848869,1580262749.99,424,885,580,672,311,one,
17.4402990341,1580262750.01,428,887,580,674,315,one,
17.4648618698,1580262750.03,426,886,577,674,316,one,
17.4853608608,1580262750.05,426,885,576,672,314,one,
17.5098888874,1580262750.08,429,886,580,672,310,one,
17.5342540741,1580262750.1,427,886,577,673,313,one,
17.5549910069,1580262750.12,428,886,581,675,317,one,
17.5793709755,1580262750.15,428,886,581,674,308,one,
17.5999350548,1580262750.17,427,886,580,672,311,one,
17.6244559288,1580262750.19,428,886,580,674,315,one,
17.6491858959,1580262750.22,428,886,580,674,312,one,
17.6695449352,1580262750.24,426,886,579,674,311,one,
17.6941230297,1580262750.26,425,885,580,674,311,one,
17.7150280476,1580262750.28,426,885,580,675,312,one,
17.7391688824,1580262750.31,427,885,578,675,313,one,
17.7636990547,1580262750.33,427,884,579,670,310,one,
17.7842478752,1580262750.35,427,887,578,672,309,one,
17.8089110851,1580262750.38,427,886,580,673,311,one,
17.8293440342,1580262750.4,428,886,580,675,311,one,
17.8538799286,1580262750.42,426,886,580,672,308,one,
17.8743920326,1580262750.44,426,886,582,674,307,one,
17.8989720345,1580262750.47,427,885,580,675,309,one,
17.9234318733,1580262750.49,425,886,580,676,306,one,
17.9439370632,1580262750.51,423,885,582,673,305,one,
17.9687168598,1580262750.54,423,886,579,670,301,one,
17.9890050888,1580262750.56,424,885,580,675,307,one,
18.0135838985,1580262750.58,423,886,580,676,306,one,
18.0381150246,1580262750.61,423,886,578,672,306,one,
18.0589630604,1580262750.63,423,885,581,673,301,one,
18.0832920074,1580262750.65,425,886,577,674,305,one,
18.1037709713,1580262750.67,424,884,581,673,304,one,
18.1283159256,1580262750.7,419,885,580,675,301,one,
18.1530189514,1580262750.72,422,885,577,671,301,one,
18.1733410358,1580262750.74,424,885,578,675,304,one,
19.9063339233,1580262752.48,424,885,579,675,302,extend,
19.9067349434,1580262752.48,421,882,579,671,298,extend,
19.9070870876,1580262752.48,423,883,579,674,297,extend,
19.907366991,1580262752.48,422,885,579,675,301,extend,
19.9076008797,1580262752.48,423,885,579,675,300,extend,
19.9078168869,1580262752.48,422,886,579,674,293,extend,
19.9080328941,1580262752.48,420,883,578,673,297,extend,
19.9082479477,1580262752.48,422,885,579,674,300,extend,
19.9084630013,1580262752.48,422,886,580,676,299,extend,
19.9086790085,1580262752.48,417,885,580,673,293,extend,
19.9088928699,1580262752.48,419,886,580,673,298,extend,
19.9091060162,1580262752.48,421,885,579,676,299,extend,
19.9093210697,1580262752.48,422,883,580,673,296,extend,
19.9095349312,1580262752.48,418,885,580,671,295,extend,
19.9097540379,1580262752.48,419,884,576,674,294,extend,
19.9099709988,1580262752.48,421,885,579,676,297,extend,
19.9106800556,1580262752.48,420,882,580,676,296,extend,
19.9118170738,1580262752.48,419,883,580,671,293,extend,
19.9129309654,1580262752.48,421,884,580,671,295,extend,
19.9140229225,1580262752.48,421,884,578,673,297,extend,
19.9150969982,1580262752.48,421,884,580,673,294,extend,
19.9163088799,1580262752.49,419,882,580,673,292,extend,
19.9171829224,1580262752.49,421,884,579,673,293,extend,
19.9179050922,1580262752.49,421,884,578,675,295,extend,
19.9186508656,1580262752.49,421,885,579,675,294,extend,
19.9190928936,1580262752.49,420,885,578,672,294,extend,
19.9196639061,1580262752.49,421,884,581,675,297,extend,
19.9200839996,1580262752.49,420,885,579,675,296,extend,
19.9205949306,1580262752.49,420,882,577,674,295,extend,
19.9209859371,1580262752.49,420,885,577,672,292,extend,
19.921227932,1580262752.49,418,883,579,671,294,extend,
19.9214470387,1580262752.49,420,885,579,675,292,extend,
19.9216620922,1580262752.49,421,884,579,674,293,extend,
19.9218809605,1580262752.49,421,884,580,672,293,extend,
19.9221599102,1580262752.49,421,884,580,676,296,extend,
19.9224030972,1580262752.49,419,884,580,675,297,extend,
19.9226369858,1580262752.49,418,884,579,673,295,extend,
19.922880888,1580262752.49,421,884,576,672,289,extend,
19.9231159687,1580262752.49,420,883,579,674,294,extend,
19.9234578609,1580262752.49,418,884,579,676,296,extend,
19.9239239693,1580262752.49,419,884,581,675,292,extend,
19.9243960381,1580262752.49,420,883,579,673,293,extend,
19.9247639179,1580262752.49,419,885,579,675,296,extend,
19.925139904,1580262752.49,421,883,580,673,297,extend,
19.925508976,1580262752.49,419,884,580,672,295,extend,
19.9258649349,1580262752.49,419,883,577,672,293,extend,
19.9262259007,1580262752.5,421,884,580,674,297,extend,
19.9265830517,1580262752.5,420,883,579,674,298,extend,
19.9269220829,1580262752.5,417,885,580,673,294,extend,
19.9274840355,1580262752.5,418,884,578,671,294,extend,
19.9285578728,1580262752.5,419,884,578,674,296,extend,
19.9297599792,1580262752.5,420,883,579,674,295,extend,
19.9311680794,1580262752.5,418,884,576,673,294,extend,
19.9324910641,1580262752.5,417,883,578,671,292,extend,
19.9335999489,1580262752.5,419,884,579,673,294,extend,
19.9341220856,1580262752.5,418,883,579,674,293,extend,
19.9347438812,1580262752.5,417,883,579,671,291,extend,
19.935544014,1580262752.5,419,883,580,672,290,extend,
19.9359629154,1580262752.51,419,884,579,674,293,extend,
19.9365460873,1580262752.51,418,883,580,674,293,extend,
19.9369220734,1580262752.51,417,883,579,673,287,extend,
19.9372608662,1580262752.51,417,884,579,672,289,extend,
19.9376518726,1580262752.51,418,884,579,674,291,extend,
19.9381859303,1580262752.51,416,884,579,674,289,extend,
19.9385070801,1580262752.51,416,883,576,672,288,extend,
19.9387500286,1580262752.51,417,885,578,671,286,extend,
19.9390130043,1580262752.51,416,884,579,674,290,extend,
19.9392368793,1580262752.51,416,882,579,673,288,extend,
19.9394578934,1580262752.51,415,884,577,672,284,extend,
19.9396848679,1580262752.51,416,883,579,672,286,extend,
19.9399158955,1580262752.51,418,884,580,673,289,extend,
19.9401450157,1580262752.51,417,883,579,674,286,extend,
19.9403700829,1580262752.51,415,884,578,672,285,extend,
19.9406149387,1580262752.51,416,883,577,672,285,extend,
19.9413559437,1580262752.51,417,883,579,673,288,extend,
19.9419329166,1580262752.51,417,882,579,673,286,extend,
19.9424459934,1580262752.51,415,883,577,673,283,extend,
19.9589290619,1580262752.53,415,884,577,673,284,extend,
19.9835019112,1580262752.55,416,882,578,672,287,extend,
20.0041139126,1580262752.57,414,883,576,673,284,extend,
20.0287060738,1580262752.6,414,882,577,670,281,extend,
20.0495269299,1580262752.62,416,883,577,672,282,extend,
20.0736598969,1580262752.64,417,884,579,674,287,extend,
20.0982310772,1580262752.67,416,884,579,673,286,extend,
20.1189770699,1580262752.69,414,884,577,672,282,extend,
20.1434519291,1580262752.71,416,883,577,671,285,extend,
20.1639699936,1580262752.73,416,884,577,671,286,extend,
20.188462019,1580262752.76,413,883,575,664,285,extend,
20.2088558674,1580262752.78,412,879,570,650,281,extend,
20.2333610058,1580262752.8,415,872,562,624,281,extend,
20.2580029964,1580262752.83,416,862,552,584,283,extend,
20.2784130573,1580262752.85,417,845,540,530,277,extend,
20.3029210567,1580262752.87,418,838,522,473,274,extend,
20.3238389492,1580262752.89,421,829,513,438,279,extend,
20.3481240273,1580262752.92,421,821,501,410,279,extend,
20.3726379871,1580262752.94,423,813,492,398,274,extend,
20.393255949,1580262752.96,423,811,489,370,274,extend,
20.4180178642,1580262752.99,423,807,477,368,271,extend,
20.4383208752,1580262753.01,419,804,475,364,271,extend,
20.462939024,1580262753.03,422,802,472,362,265,extend,
20.4872908592,1580262753.06,421,800,466,353,268,extend,
20.5078260899,1580262753.08,422,799,468,355,266,extend,
20.532449007,1580262753.1,423,799,463,355,268,extend,
20.5529410839,1580262753.12,421,799,461,346,264,extend,
20.5775690079,1580262753.15,421,797,457,355,260,extend,
20.5980620384,1580262753.17,421,797,458,347,263,extend,
20.622551918,1580262753.19,422,798,460,353,266,extend,
20.6470620632,1580262753.22,422,796,462,352,266,extend,
20.6676559448,1580262753.24,424,798,452,350,264,extend,
20.6922309399,1580262753.26,423,798,460,358,270,extend,
20.7126860619,1580262753.28,423,799,461,353,269,extend,
20.7373690605,1580262753.31,423,799,455,358,271,extend,
20.7617070675,1580262753.33,421,799,460,353,266,extend,
20.7822930813,1580262753.35,423,800,464,364,273,extend,
20.80686903,1580262753.38,425,801,462,369,278,extend,
20.8274319172,1580262753.4,423,799,467,362,276,extend,
20.8518719673,1580262753.42,425,804,461,364,272,extend,
20.8763859272,1580262753.45,427,803,467,367,281,extend,
20.8972160816,1580262753.47,427,804,467,376,279,extend,
20.9214279652,1580262753.49,427,802,461,373,274,extend,
20.9420418739,1580262753.51,428,804,468,367,280,extend,
20.9666340351,1580262753.54,427,803,467,378,279,extend,
20.9874429703,1580262753.56,428,804,469,377,283,extend,
21.0116679668,1580262753.58,427,800,469,380,281,extend,
21.0361940861,1580262753.61,428,805,470,384,280,extend,
21.0567450523,1580262753.63,430,804,466,383,283,extend,
21.0812430382,1580262753.65,429,802,468,384,284,extend,
21.101626873,1580262753.67,424,802,471,385,281,extend,
21.1261529922,1580262753.7,426,805,471,387,283,extend,
21.1508538723,1580262753.72,427,804,469,381,285,extend,
21.1713819504,1580262753.74,429,805,470,379,287,extend,
21.1959910393,1580262753.77,431,802,472,387,285,extend,
21.2164359093,1580262753.79,428,802,468,383,286,extend,
21.2411589622,1580262753.81,431,805,473,389,291,extend,
21.2654869556,1580262753.83,430,804,472,384,290,extend,
21.2859549522,1580262753.86,425,806,472,381,288,extend,
21.3105490208,1580262753.88,431,806,472,383,289,extend,
21.3310749531,1580262753.9,432,805,472,384,295,extend,
21.3556480408,1580262753.92,431,804,474,385,294,extend,
21.3763210773,1580262753.95,432,805,474,385,289,extend,
21.4008879662,1580262753.97,429,805,472,389,296,extend,
21.4252090454,1580262753.99,433,805,473,390,300,extend,
21.4458649158,1580262754.01,434,806,475,390,298,extend,
21.4703490734,1580262754.04,431,806,477,392,295,extend,
21.4908270836,1580262754.06,434,806,480,392,303,extend,
21.5154190063,1580262754.08,435,809,479,397,303,extend,
21.5399448872,1580262754.11,437,810,481,397,305,extend,
21.5605609417,1580262754.13,434,806,480,389,299,extend,
21.5849850178,1580262754.15,434,810,478,400,304,extend,
21.6053919792,1580262754.17,436,810,483,405,310,extend,
21.6301279068,1580262754.2,435,805,484,403,308,extend,
21.6547958851,1580262754.22,434,811,483,399,302,extend,
21.6752159595,1580262754.24,435,811,486,400,310,extend,
21.6996099949,1580262754.27,437,810,484,403,310,extend,
21.7204239368,1580262754.29,435,808,487,409,309,extend,
21.7447690964,1580262754.31,435,806,485,398,306,extend,
21.7654240131,1580262754.33,436,810,485,405,308,extend,
21.7898230553,1580262754.36,437,812,487,407,312,extend,
21.8144378662,1580262754.38,435,813,487,407,309,extend,
21.8348429203,1580262754.4,430,812,481,407,305,extend,
21.8594238758,1580262754.43,435,810,490,409,304,extend,
21.8802890778,1580262754.45,436,812,486,408,308,extend,
21.9046189785,1580262754.47,429,812,490,403,304,extend,
21.9289638996,1580262754.5,430,810,489,413,302,extend,
21.9495429993,1580262754.52,431,812,485,405,302,extend,
21.9740889072,1580262754.54,431,811,487,410,307,extend,
21.994631052,1580262754.56,433,813,483,408,302,extend,
22.0192379951,1580262754.59,432,812,489,403,304,extend,
22.0436749458,1580262754.61,434,808,485,402,303,extend,
22.0642149448,1580262754.63,434,812,487,407,306,extend,
22.0888309479,1580262754.66,433,810,487,411,303,extend,
22.1093308926,1580262754.68,432,810,489,409,302,extend,
22.1340420246,1580262754.7,433,811,488,409,303,extend,
22.1543319225,1580262754.72,435,813,489,413,307,extend,
22.1789259911,1580262754.75,433,813,493,403,304,extend,
22.2033970356,1580262754.77,432,812,491,413,304,extend,
22.2241749763,1580262754.79,435,811,493,423,303,extend,
22.2485060692,1580262754.82,432,814,492,418,307,extend,
22.2689518929,1580262754.84,432,814,492,413,305,extend,
22.2934660912,1580262754.86,433,815,492,418,299,extend,
22.3181369305,1580262754.89,433,815,491,419,304,extend,
22.3385848999,1580262754.91,433,816,496,424,307,extend,
22.3632619381,1580262754.93,432,814,495,425,297,extend,
22.3839390278,1580262754.95,431,816,496,428,301,extend,
22.4082090855,1580262754.98,431,817,496,429,305,extend,
22.4328019619,1580262755.0,432,816,496,433,304,extend,
22.4533469677,1580262755.02,427,817,497,433,300,extend,
22.4779620171,1580262755.05,430,815,496,432,299,extend,
22.4984478951,1580262755.07,431,817,497,430,302,extend,
22.5229580402,1580262755.09,428,815,498,435,303,extend,
22.5434989929,1580262755.11,429,818,498,433,297,extend,
22.5680129528,1580262755.14,426,818,493,431,299,extend,
22.5924780369,1580262755.16,431,815,497,433,301,extend,
22.6129989624,1580262755.18,430,817,498,435,302,extend,
22.6377379894,1580262755.21,425,816,501,429,298,extend,
22.6580920219,1580262755.23,431,816,498,423,296,extend,
22.6826550961,1580262755.25,430,816,497,429,300,extend,
22.707212925,1580262755.28,431,817,497,429,300,extend,
22.7279429436,1580262755.3,429,817,494,429,295,extend,
22.7523360252,1580262755.32,429,814,499,434,296,extend,
22.7728788853,1580262755.34,431,817,499,432,300,extend,
22.797287941,1580262755.37,429,817,496,432,299,extend,
22.8218300343,1580262755.39,423,815,500,430,298,extend,
22.8424150944,1580262755.41,431,818,497,430,291,extend,
22.8668940067,1580262755.44,428,817,498,435,298,extend,
22.8877739906,1580262755.46,430,815,501,433,299,extend,
22.9120540619,1580262755.48,430,817,501,432,297,extend,
22.9326219559,1580262755.5,428,817,499,431,297,extend,
22.9571449757,1580262755.53,431,818,499,436,299,extend,
22.9817230701,1580262755.55,428,818,500,433,297,extend,
23.0021469593,1580262755.57,428,816,495,437,295,extend,
23.0265779495,1580262755.6,431,819,499,432,295,extend,
23.0472660065,1580262755.62,428,818,499,434,296,extend,
23.0718269348,1580262755.64,428,815,500,434,297,extend,
23.096241951,1580262755.67,423,817,500,434,292,extend,
23.1167888641,1580262755.69,427,816,500,433,292,extend,
23.141602993,1580262755.71,429,817,500,439,298,extend,
23.1619160175,1580262755.73,429,819,496,435,297,extend,
23.1864578724,1580262755.76,423,817,499,429,294,extend,
23.2109539509,1580262755.78,429,814,499,436,295,extend,
23.2315220833,1580262755.8,429,818,500,437,296,extend,
23.2559008598,1580262755.82,429,819,500,431,296,extend,
23.2765169144,1580262755.85,426,817,497,431,292,extend,
23.3012490273,1580262755.87,428,818,496,428,294,extend,
23.3215310574,1580262755.89,430,817,495,430,299,extend,
23.3462450504,1580262755.92,428,814,500,431,295,extend,
23.3707029819,1580262755.94,426,817,497,431,292,extend,
23.3911499977,1580262755.96,431,820,498,439,295,extend,
23.4159269333,1580262755.99,429,819,500,435,299,extend,
23.4362020493,1580262756.01,431,818,502,442,298,extend,
23.4608650208,1580262756.03,429,824,505,455,291,extend,
23.4853959084,1580262756.05,427,826,511,463,298,extend,
23.5058538914,1580262756.07,428,834,520,496,303,extend,
23.5304379463,1580262756.1,421,843,536,530,300,extend,
23.5509729385,1580262756.12,424,852,541,562,298,extend,
23.575551033,1580262756.14,421,860,550,579,305,extend,
23.6001770496,1580262756.17,423,865,556,603,303,extend,
23.6205248833,1580262756.19,423,868,560,616,302,extend,
23.6452400684,1580262756.21,415,870,564,625,300,extend,
23.6656110287,1580262756.23,419,875,564,630,303,extend,
23.6902348995,1580262756.26,422,878,566,640,307,extend,
23.710752964,1580262756.28,423,880,571,645,300,extend,
23.7353110313,1580262756.3,420,880,573,644,305,extend,
23.7597439289,1580262756.33,422,882,572,650,305,extend,
23.7804350853,1580262756.35,423,880,575,651,305,extend,
23.804833889,1580262756.37,417,881,576,649,304,extend,
23.8254179955,1580262756.39,420,881,574,650,305,extend,
23.8500330448,1580262756.42,420,883,576,651,304,extend,
23.874448061,1580262756.44,419,883,578,655,307,extend,
23.8951890469,1580262756.46,421,880,577,657,300,extend,
23.9194879532,1580262756.49,419,881,581,657,302,extend,
23.9399659634,1580262756.51,420,885,577,658,306,extend,
23.9646179676,1580262756.53,423,883,579,658,306,extend,
23.9890840054,1580262756.56,421,884,577,658,306,extend,
24.009649992,1580262756.58,420,884,581,659,303,extend,
24.0342428684,1580262756.6,421,884,578,657,307,extend,
24.0546410084,1580262756.62,422,885,578,660,308,extend,
24.0793728828,1580262756.65,420,884,579,659,303,extend,
24.0997030735,1580262756.67,417,883,580,662,303,extend,
24.1243588924,1580262756.69,422,885,579,658,308,extend,
24.1489109993,1580262756.72,423,884,579,660,305,extend,
24.169449091,1580262756.74,423,881,578,661,300,extend,
24.1939809322,1580262756.76,420,886,577,657,304,extend,
24.2145590782,1580262756.78,423,883,578,659,304,extend,
24.2389628887,1580262756.81,423,885,581,660,306,extend,
24.2635200024,1580262756.83,421,885,580,656,305,extend,
24.2839970589,1580262756.85,422,885,582,659,303,extend,
24.3086400032,1580262756.88,423,885,578,663,307,extend,
24.3291568756,1580262756.9,421,885,579,660,307,extend,
24.3536779881,1580262756.92,419,885,581,660,303,extend,
24.378246069,1580262756.95,423,885,580,658,302,extend,
24.3986968994,1580262756.97,423,885,580,661,306,extend,
24.4232289791,1580262756.99,423,886,579,662,308,extend,
24.4437170029,1580262757.01,421,886,575,662,304,extend,
24.4684169292,1580262757.04,418,881,577,660,304,extend,
24.4887089729,1580262757.06,422,885,579,663,306,extend,
24.5134558678,1580262757.08,423,885,580,662,306,extend,
24.5379340649,1580262757.11,421,885,581,661,304,extend,
24.5588309765,1580262757.13,419,885,581,662,301,extend,
24.5830628872,1580262757.15,422,885,580,662,305,extend,
24.60353899,1580262757.17,422,886,580,662,305,extend,
24.6282529831,1580262757.2,417,886,580,660,300,extend,
24.6528759003,1580262757.22,420,886,576,661,305,extend,
24.6731688976,1580262757.24,422,885,580,664,305,extend,
24.6977100372,1580262757.27,421,886,578,662,302,extend,
24.7184429169,1580262757.29,420,885,575,656,302,extend,
24.7427840233,1580262757.31,422,886,576,661,304,extend,
24.767373085,1580262757.34,422,885,580,660,304,extend,
24.787831068,1580262757.36,422,885,579,661,302,extend,
24.8125300407,1580262757.38,422,885,581,657,300,extend,
24.8329570293,1580262757.4,420,884,579,660,301,extend,
24.8574819565,1580262757.43,421,885,581,663,302,extend,
24.8819949627,1580262757.45,421,884,580,660,303,extend,
24.902479887,1580262757.47,419,884,578,662,299,extend,
24.9270529747,1580262757.5,421,885,580,658,302,extend,
26.089015007,1580262758.66,420,884,577,662,302,fist,
26.0895709991,1580262758.66,420,886,578,660,300,fist,
26.090075016,1580262758.66,420,886,582,661,295,fist,
26.091037035,1580262758.66,419,885,576,661,299,fist,
26.0919048786,1580262758.66,421,885,580,664,300,fist,
26.0924079418,1580262758.66,419,884,581,661,299,fist,
26.092881918,1580262758.66,416,884,578,657,296,fist,
26.0939440727,1580262758.66,422,887,578,663,301,fist,
26.095042944,1580262758.66,420,885,580,661,301,fist,
26.0961060524,1580262758.67,419,885,577,661,301,fist,
26.0971848965,1580262758.67,418,884,580,661,296,fist,
26.0981030464,1580262758.67,418,885,578,661,297,fist,
26.0986709595,1580262758.67,420,885,579,662,301,fist,
26.0993199348,1580262758.67,418,885,580,663,299,fist,
26.1001219749,1580262758.67,416,885,577,661,296,fist,
26.100883007,1580262758.67,420,885,583,663,300,fist,
26.1016628742,1580262758.67,419,883,577,662,299,fist,
26.102506876,1580262758.67,418,885,577,661,297,fist,
26.1030209064,1580262758.67,418,883,581,661,297,fist,
26.1034750938,1580262758.67,419,885,578,661,297,fist,
26.1039218903,1580262758.67,419,883,580,664,298,fist,
26.1043670177,1580262758.67,420,884,575,662,297,fist,
26.104831934,1580262758.67,417,884,580,662,295,fist,
26.1053020954,1580262758.67,420,886,579,662,300,fist,
26.105768919,1580262758.67,419,885,579,662,298,fist,
26.1062350273,1580262758.68,418,885,579,661,297,fist,
26.1068470478,1580262758.68,415,885,575,660,292,fist,
26.107323885,1580262758.68,418,883,578,661,296,fist,
26.1077940464,1580262758.68,418,884,576,661,295,fist,
26.1082620621,1580262758.68,418,883,576,660,295,fist,
26.1087660789,1580262758.68,413,884,574,660,289,fist,
26.1096470356,1580262758.68,419,885,580,661,299,fist,
26.1108140945,1580262758.68,419,886,582,663,296,fist,
26.1119830608,1580262758.68,416,883,580,660,295,fist,
26.1131739616,1580262758.68,417,886,580,661,293,fist,
26.114180088,1580262758.68,417,886,579,662,295,fist,
26.1147608757,1580262758.68,417,886,582,662,296,fist,
26.1151790619,1580262758.68,414,886,580,661,294,fist,
26.1155030727,1580262758.68,418,887,580,662,292,fist,
26.1158130169,1580262758.68,417,884,579,663,295,fist,
26.1161220074,1580262758.69,417,887,580,664,295,fist,
26.1164309978,1580262758.69,411,883,574,664,294,fist,
26.1167359352,1580262758.69,417,885,580,662,293,fist,
26.117043972,1580262758.69,418,886,580,663,294,fist,
26.1173510551,1580262758.69,416,887,579,666,295,fist,
26.1176569462,1580262758.69,419,887,581,665,289,fist,
26.117964983,1580262758.69,416,886,578,666,291,fist,
26.1182749271,1580262758.69,417,887,580,667,294,fist,
26.1185848713,1580262758.69,416,887,579,667,292,fist,
26.1189160347,1580262758.69,414,888,578,665,291,fist,
26.1192140579,1580262758.69,418,887,578,663,292,fist,
26.1194438934,1580262758.69,418,888,575,663,293,fist,
26.1395449638,1580262758.71,416,886,575,662,292,fist,
26.1600129604,1580262758.73,415,885,572,660,288,fist,
26.1846940517,1580262758.75,416,886,568,659,288,fist,
26.2090139389,1580262758.78,417,886,571,659,290,fist,
26.2295780182,1580262758.8,417,885,567,659,289,fist,
26.2541530132,1580262758.82,415,884,566,653,286,fist,
26.2745130062,1580262758.84,419,880,561,651,288,fist,
26.2990119457,1580262758.87,421,876,553,645,290,fist,
26.3235919476,1580262758.89,422,870,550,633,292,fist,
26.3442950249,1580262758.91,424,862,547,624,287,fist,
26.3686640263,1580262758.94,424,858,545,624,292,fist,
26.3893170357,1580262758.96,428,855,544,625,296,fist,
26.4138300419,1580262758.98,428,853,542,622,296,fist,
26.4384698868,1580262759.01,426,849,545,614,293,fist,
26.4588630199,1580262759.03,429,849,543,617,297,fist,
26.4834470749,1580262759.05,430,850,544,616,299,fist,
26.5039680004,1580262759.07,428,851,546,615,298,fist,
26.5285179615,1580262759.1,430,852,546,615,294,fist,
26.5490589142,1580262759.12,429,852,546,614,298,fist,
26.5735518932,1580262759.14,430,852,548,613,304,fist,
26.5983059406,1580262759.17,432,854,550,614,301,fist,
26.6185870171,1580262759.19,429,852,550,610,300,fist,
26.643075943,1580262759.21,433,854,551,614,303,fist,
26.6636900902,1580262759.23,432,851,549,614,304,fist,
26.6883380413,1580262759.26,430,854,546,614,304,fist,
26.7127408981,1580262759.28,431,852,552,613,298,fist,
26.7332239151,1580262759.3,430,853,548,613,302,fist,
26.7577450275,1580262759.33,430,852,550,614,304,fist,
26.7782969475,1580262759.35,430,854,550,614,303,fist,
26.8027758598,1580262759.37,428,852,548,613,298,fist,
26.8273570538,1580262759.4,435,854,552,610,302,fist,
26.8482489586,1580262759.42,432,854,551,613,304,fist,
26.8724009991,1580262759.44,429,854,550,610,303,fist,
26.8930020332,1580262759.46,431,853,548,606,297,fist,
26.9175720215,1580262759.49,431,853,547,604,302,fist,
26.9382250309,1580262759.51,433,853,547,606,304,fist,
26.9626350403,1580262759.53,432,853,549,607,302,fist,
26.9870848656,1580262759.56,428,853,547,605,300,fist,
27.0078029633,1580262759.58,432,851,551,607,302,fist,
27.0325388908,1580262759.6,432,853,547,609,301,fist,
27.0527040958,1580262759.62,431,854,548,606,301,fist,
27.0773379803,1580262759.65,431,852,544,606,298,fist,
27.1018378735,1580262759.67,431,852,548,608,298,fist,
27.1223258972,1580262759.69,429,852,549,609,301,fist,
27.1468138695,1580262759.72,430,854,548,602,298,fist,
27.167550087,1580262759.74,430,852,550,606,297,fist,
27.1921110153,1580262759.76,431,853,548,608,299,fist,
27.2165439129,1580262759.79,432,851,548,608,299,fist,
27.2371308804,1580262759.81,430,852,549,605,296,fist,
27.2617139816,1580262759.83,431,850,549,607,295,fist,
27.2876729965,1580262759.86,429,852,549,611,298,fist,
27.3065569401,1580262759.88,430,848,550,613,299,fist,
27.3273050785,1580262759.9,426,852,547,615,295,fist,
27.3549249172,1580262759.92,427,853,552,613,297,fist,
27.3762378693,1580262759.95,433,853,552,614,300,fist,
27.3969519138,1580262759.97,429,854,551,619,301,fist,
27.4214298725,1580262759.99,432,855,553,614,299,fist,
27.4418950081,1580262760.01,433,851,552,620,298,fist,
27.4665899277,1580262760.04,432,853,552,619,301,fist,
27.4909749031,1580262760.06,432,854,553,622,301,fist,
27.5114889145,1580262760.08,432,856,553,613,295,fist,
27.5359940529,1580262760.11,432,853,550,617,298,fist,
27.5565559864,1580262760.13,430,854,553,615,303,fist,
27.5811829567,1580262760.15,431,853,550,616,302,fist,
27.6056849957,1580262760.17,430,853,551,613,296,fist,
27.6261200905,1580262760.2,435,854,552,615,299,fist,
27.6508009434,1580262760.22,432,854,551,617,303,fist,
27.6713418961,1580262760.24,432,854,550,618,305,fist,
27.6959068775,1580262760.26,431,856,548,617,299,fist,
27.7164120674,1580262760.29,428,855,553,615,303,fist,
27.7408518791,1580262760.31,433,855,553,622,301,fist,
27.7655179501,1580262760.33,431,856,553,622,303,fist,
27.7859978676,1580262760.36,428,856,555,618,299,fist,
27.8104810715,1580262760.38,431,856,553,622,300,fist,
27.831086874,1580262760.4,431,856,553,623,302,fist,
27.8556060791,1580262760.42,431,855,555,622,303,fist,
27.880136013,1580262760.45,430,856,552,623,294,fist,
27.9006719589,1580262760.47,430,855,554,621,302,fist,
27.9251148701,1580262760.49,433,856,555,626,305,fist,
27.9456858635,1580262760.51,431,856,556,626,303,fist,
27.9702599049,1580262760.54,429,856,551,625,298,fist,
27.9947350025,1580262760.56,430,857,557,626,299,fist,
28.0153429508,1580262760.58,433,855,554,628,304,fist,
28.039798975,1580262760.61,432,854,556,628,304,fist,
28.0670030117,1580262760.64,431,853,556,625,302,fist,
28.0848910809,1580262760.65,432,855,556,626,302,fist,
28.1054708958,1580262760.67,432,855,557,628,307,fist,
28.1300370693,1580262760.7,432,852,555,625,304,fist,
28.1543450356,1580262760.72,431,851,556,621,303,fist,
28.1749620438,1580262760.74,433,854,555,621,302,fist,
28.1996350288,1580262760.77,433,855,554,621,306,fist,
28.2201750278,1580262760.79,433,854,557,621,304,fist,
28.2446038723,1580262760.81,431,854,555,621,302,fist,
28.2690958977,1580262760.84,432,854,553,619,302,fist,
28.2895748615,1580262760.86,433,855,555,622,307,fist,
28.3141238689,1580262760.88,432,855,557,619,305,fist,
28.3345470428,1580262760.9,434,855,550,619,304,fist,
28.3592588902,1580262760.93,431,857,555,620,307,fist,
28.3837559223,1580262760.95,433,856,555,621,306,fist,
28.4042999744,1580262760.97,432,855,554,621,307,fist,
28.4289078712,1580262761.0,431,854,555,619,303,fist,
28.4494519234,1580262761.02,433,856,553,618,305,fist,
28.4739909172,1580262761.04,435,856,554,619,307,fist,
28.4944748878,1580262761.06,433,855,555,620,308,fist,
28.5190720558,1580262761.09,433,857,555,621,305,fist,
28.5435218811,1580262761.11,434,857,553,621,306,fist,
28.5644309521,1580262761.13,433,858,552,623,309,fist,
28.5886609554,1580262761.16,434,858,552,623,308,fist,
28.6091399193,1580262761.18,433,858,555,623,301,fist,
28.633646965,1580262761.2,433,859,554,624,307,fist,
28.6581950188,1580262761.23,435,859,555,626,310,fist,
28.6787660122,1580262761.25,431,860,551,625,307,fist,
28.7033319473,1580262761.27,432,859,554,623,308,fist,
28.7242810726,1580262761.29,435,860,555,627,310,fist,
28.7483270168,1580262761.32,435,860,556,625,311,fist,
28.7728688717,1580262761.34,435,860,558,624,308,fist,
28.7934989929,1580262761.36,433,860,554,622,307,fist,
28.8180959225,1580262761.39,433,860,554,621,310,fist,
28.8385100365,1580262761.41,435,859,555,624,312,fist,
28.8631260395,1580262761.43,432,860,554,624,310,fist,
28.8838410378,1580262761.45,433,860,552,623,308,fist,
28.9081969261,1580262761.48,433,861,557,626,309,fist,
28.9326169491,1580262761.5,434,859,555,628,311,fist,
28.9531159401,1580262761.52,433,861,553,627,308,fist,
28.9781250954,1580262761.55,432,860,555,627,306,fist,
28.9982450008,1580262761.57,432,859,555,626,309,fist,
29.0227739811,1580262761.59,433,857,555,631,308,fist,
29.047344923,1580262761.62,433,859,558,627,303,fist,
29.0679838657,1580262761.64,431,860,557,628,306,fist,
29.0922670364,1580262761.66,433,860,557,630,309,fist,
29.1128399372,1580262761.68,432,859,556,630,309,fist,
29.1374690533,1580262761.71,430,860,552,628,306,fist,
29.1619539261,1580262761.73,431,858,560,628,305,fist,
29.1824119091,1580262761.75,432,859,557,630,305,fist,
29.2069630623,1580262761.78,431,859,557,632,308,fist,
29.2278010845,1580262761.8,429,857,557,629,304,fist,
29.252122879,1580262761.82,432,857,557,629,301,fist,
29.2725870609,1580262761.84,431,858,557,632,306,fist,
29.2972478867,1580262761.87,431,858,558,630,307,fist,
29.3218410015,1580262761.89,432,856,558,630,303,fist,
29.3422989845,1580262761.91,431,858,555,632,305,fist,
29.3668279648,1580262761.94,432,858,558,631,306,fist,
29.3874759674,1580262761.96,431,858,559,630,307,fist,
29.4118258953,1580262761.98,430,855,557,628,303,fist,
29.4363079071,1580262762.01,428,856,557,626,301,fist,
29.4568018913,1580262762.03,432,856,557,628,307,fist,
29.481554985,1580262762.05,432,858,556,628,306,fist,
29.5020298958,1580262762.07,430,856,558,626,303,fist,
29.5264439583,1580262762.1,430,857,556,628,304,fist,
29.5510928631,1580262762.12,431,855,557,629,306,fist,
29.5716519356,1580262762.14,431,857,556,630,303,fist,
29.5961539745,1580262762.17,430,858,557,625,302,fist,
29.61668396,1580262762.19,431,857,559,631,302,fist,
29.6412658691,1580262762.21,431,858,558,631,306,fist,
29.661700964,1580262762.23,431,857,558,630,305,fist,
29.6862530708,1580262762.26,425,858,559,625,301,fist,
29.7107999325,1580262762.28,431,858,558,630,304,fist,
29.7314200401,1580262762.3,431,858,559,632,306,fist,
29.7558090687,1580262762.32,428,857,560,635,305,fist,
29.7765219212,1580262762.35,428,861,562,635,303,fist,
29.8009998798,1580262762.37,429,859,564,643,304,fist,
29.8256030083,1580262762.39,430,865,566,648,308,fist,
29.8460290432,1580262762.42,430,866,567,648,305,fist,
29.8705899715,1580262762.44,428,866,567,648,300,fist,
29.8911929131,1580262762.46,428,870,565,653,299,fist,
29.9155080318,1580262762.48,430,870,562,654,302,fist,
29.9401700497,1580262762.51,428,868,561,658,299,fist,
29.9607560635,1580262762.53,429,872,557,656,296,fist,
29.9856669903,1580262762.55,426,872,559,655,295,fist,
30.005740881,1580262762.57,427,872,559,655,297,fist,
30.0303468704,1580262762.6,428,871,560,653,296,fist,
30.0510559082,1580262762.62,425,872,556,652,292,fist,
30.075316906,1580262762.64,426,868,557,653,294,fist,
30.0999569893,1580262762.67,426,868,554,651,294,fist,
30.1205949783,1580262762.69,426,865,549,652,288,fist,
30.1452178955,1580262762.71,425,866,549,646,287,fist,
30.1656620502,1580262762.73,426,868,546,646,289,fist,
30.190046072,1580262762.76,425,867,544,647,292,fist,
30.2145810127,1580262762.78,426,868,541,645,290,fist,
30.2350928783,1580262762.8,423,864,539,643,287,fist,
30.2605559826,1580262762.83,425,866,545,644,289,fist,
30.2800059319,1580262762.85,424,867,542,642,290,fist,
30.3047749996,1580262762.87,421,867,543,643,287,fist,
30.3293318748,1580262762.9,422,868,545,643,283,fist,
30.3496739864,1580262762.92,424,867,544,644,288,fist,
30.3742880821,1580262762.94,426,868,543,647,290,fist,
30.3951630592,1580262762.96,426,867,546,643,289,fist,
30.4193749428,1580262762.99,424,869,546,646,285,fist,
30.4399809837,1580262763.01,425,869,547,650,285,fist,
30.4644560814,1580262763.03,426,870,548,649,291,fist,
30.4890370369,1580262763.06,423,869,549,645,287,fist,
30.5096049309,1580262763.08,425,869,547,647,287,fist,
30.5340569019,1580262763.1,425,869,544,648,288,fist,
30.5547878742,1580262763.12,425,870,546,648,289,fist,
30.5791928768,1580262763.15,424,870,543,649,288,fist,
30.6036119461,1580262763.17,425,870,546,645,287,fist,
30.6240639687,1580262763.19,424,870,547,643,291,fist,
30.6487190723,1580262763.22,426,867,548,646,289,fist,
30.6692478657,1580262763.24,423,868,546,646,286,fist,
30.6936790943,1580262763.26,425,869,548,644,287,fist,
30.718298912,1580262763.29,425,870,545,646,287,fist,
30.7388539314,1580262763.31,423,871,549,647,289,fist,
30.7633509636,1580262763.33,424,870,549,647,288,fist,
30.7839610577,1580262763.35,424,870,549,642,286,fist,
30.8085999489,1580262763.38,425,871,550,648,289,fist,
30.8290638924,1580262763.4,425,870,547,650,290,fist,
30.8535158634,1580262763.42,425,872,548,644,286,fist,
30.878125906,1580262763.45,422,868,548,646,284,fist,
30.8988609314,1580262763.47,423,871,548,648,288,fist,
30.9231450558,1580262763.49,426,870,549,650,289,fist,
30.9437019825,1580262763.51,425,868,549,647,287,fist,
30.968296051,1580262763.54,425,871,547,649,285,fist,
30.9926979542,1580262763.56,425,870,550,650,291,fist,
31.0133600235,1580262763.58,426,871,551,651,289,fist,
31.037801981,1580262763.61,420,872,548,652,287,fist,
31.0586240292,1580262763.63,425,872,552,649,290,fist,
31.0828909874,1580262763.65,424,871,552,651,290,fist,
31.1074459553,1580262763.68,424,871,550,653,291,fist,
32.2947459221,1580262764.86,423,872,552,650,287,one,
32.2949800491,1580262764.86,422,871,554,648,287,one,
32.2951879501,1580262764.86,424,872,552,653,290,one,
32.2953970432,1580262764.86,425,871,549,653,289,one,
32.2956058979,1580262764.86,420,872,551,649,286,one,
32.2958099842,1580262764.86,423,870,551,647,289,one,
32.2960128784,1580262764.87,423,872,550,650,290,one,
32.2962169647,1580262764.87,423,872,551,651,289,one,
32.2964179516,1580262764.87,424,868,552,649,289,one,
32.2966198921,1580262764.87,423,871,548,650,287,one,
32.2968230247,1580262764.87,425,872,553,650,290,one,
32.297025919,1580262764.87,426,869,552,651,287,one,
32.2972300053,1580262764.87,420,870,551,646,281,one,
32.2974340916,1580262764.87,424,872,553,650,289,one,
32.2976379395,1580262764.87,425,871,552,651,289,one,
32.2978410721,1580262764.87,423,871,552,651,287,one,
32.29804492,1580262764.87,423,871,553,645,285,one,
32.2982490063,1580262764.87,423,871,549,648,285,one,
32.2984509468,1580262764.87,424,871,552,650,289,one,
32.2986519337,1580262764.87,425,870,550,652,287,one,
32.2988619804,1580262764.87,423,872,551,650,284,one,
32.2990648746,1580262764.87,425,869,555,652,287,one,
32.2992680073,1580262764.87,424,871,554,652,288,one,
32.2994689941,1580262764.87,423,871,552,653,287,one,
32.2996709347,1580262764.87,425,872,553,647,285,one,
32.2998740673,1580262764.87,422,872,553,652,284,one,
32.3000769615,1580262764.87,423,872,554,654,288,one,
32.3002779484,1580262764.87,423,872,555,652,288,one,
32.3004798889,1580262764.87,420,870,555,652,284,one,
32.3006799221,1580262764.87,421,871,555,653,287,one,
32.3008830547,1580262764.87,424,872,554,655,288,one,
32.3010840416,1580262764.87,422,871,556,653,287,one,
32.3012859821,1580262764.87,420,872,559,652,284,one,
32.301486969,1580262764.87,421,873,556,653,285,one,
32.3016889095,1580262764.87,420,873,559,653,285,one,
32.301887989,1580262764.87,422,873,558,653,285,one,
32.3020889759,1580262764.87,422,872,558,651,284,one,
32.3022909164,1580262764.87,422,873,557,654,287,one,
32.3024909496,1580262764.87,421,873,559,653,287,one,
32.3026900291,1580262764.87,420,873,560,653,287,one,
32.3028988838,1580262764.87,421,874,561,652,286,one,
32.303098917,1580262764.87,419,874,560,653,285,one,
32.3032999039,1580262764.87,421,873,560,654,289,one,
32.3035008907,1580262764.87,418,874,563,656,285,one,
32.3037030697,1580262764.87,420,875,562,655,285,one,
32.3039050102,1580262764.87,421,874,566,656,288,one,
32.3041050434,1580262764.87,420,875,564,658,287,one,
32.3043029308,1580262764.87,419,875,562,656,286,one,
32.3044700623,1580262764.87,417,874,562,655,282,one,
32.3046998978,1580262764.87,418,875,565,657,285,one,
32.3049418926,1580262764.87,419,875,566,657,287,one,
32.3051939011,1580262764.87,417,877,565,657,284,one,
32.3196699619,1580262764.89,415,875,564,657,282,one,
32.3403410912,1580262764.91,418,875,566,658,286,one,
32.3647880554,1580262764.93,417,876,565,659,285,one,
32.3853480816,1580262764.95,417,875,566,658,283,one,
32.4099109173,1580262764.98,418,876,566,658,282,one,
32.4344439507,1580262765.0,418,876,567,658,284,one,
32.455026865,1580262765.02,418,877,568,661,286,one,
32.4795610905,1580262765.05,417,875,567,660,282,one,
32.5000619888,1580262765.07,416,877,566,658,282,one,
32.5245029926,1580262765.09,418,876,567,660,285,one,
32.5492970943,1580262765.12,417,876,567,662,283,one,
32.5696060658,1580262765.14,416,876,566,659,282,one,
32.5941779613,1580262765.16,415,876,566,655,282,one,
32.614921093,1580262765.18,414,876,565,656,282,one,
32.6397268772,1580262765.21,415,873,562,655,282,one,
32.6637980938,1580262765.23,415,871,561,653,279,one,
32.6843869686,1580262765.25,413,874,561,651,279,one,
32.7088670731,1580262765.28,416,871,561,649,283,one,
32.7295200825,1580262765.3,414,872,556,646,279,one,
32.7539200783,1580262765.32,412,871,556,640,275,one,
32.7745199203,1580262765.34,412,868,555,638,279,one,
32.7991070747,1580262765.37,411,869,551,636,278,one,
32.8235099316,1580262765.39,412,868,551,631,280,one,
32.8440730572,1580262765.41,414,867,550,629,276,one,
32.8687210083,1580262765.44,412,867,544,625,276,one,
32.8891739845,1580262765.46,414,867,547,623,279,one,
32.9137599468,1580262765.48,411,866,544,622,278,one,
32.9382069111,1580262765.51,414,863,543,613,276,one,
32.9588940144,1580262765.53,416,864,545,617,276,one,
32.9833219051,1580262765.55,415,863,540,617,276,one,
33.0038189888,1580262765.57,412,862,537,615,276,one,
33.0284249783,1580262765.6,413,862,538,612,274,one,
33.0528800488,1580262765.62,413,860,536,608,273,one,
33.0735020638,1580262765.64,416,860,537,609,276,one,
33.0979878902,1580262765.67,417,859,535,608,273,one,
33.1190040112,1580262765.69,416,858,536,605,269,one,
33.1430280209,1580262765.71,418,856,535,603,273,one,
33.1635069847,1580262765.73,417,858,535,603,273,one,
33.188190937,1580262765.76,418,857,535,601,273,one,
33.2127959728,1580262765.78,418,856,535,600,267,one,
33.2331089973,1580262765.8,417,856,534,597,271,one,
33.2577040195,1580262765.83,420,857,534,597,275,one,
33.2784109116,1580262765.85,418,858,535,594,273,one,
33.3026320934,1580262765.87,420,857,531,589,269,one,
33.3272058964,1580262765.9,420,853,540,593,275,one,
33.3477890491,1580262765.92,419,857,538,595,277,one,
33.3726029396,1580262765.94,419,855,540,596,275,one,
33.392950058,1580262765.96,418,854,541,593,273,one,
33.417347908,1580262765.99,417,856,539,592,274,one,
33.4419589043,1580262766.01,419,857,541,595,279,one,
33.4626319408,1580262766.03,417,855,542,592,276,one,
33.4870369434,1580262766.06,417,856,540,593,272,one,
33.5075800419,1580262766.08,417,858,540,596,276,one,
33.5322210789,1580262766.1,419,859,542,597,279,one,
33.5526030064,1580262766.12,419,860,543,598,277,one,
33.5772109032,1580262766.15,418,859,541,596,276,one,
33.6016888618,1580262766.17,417,859,541,596,275,one,
33.6225700378,1580262766.19,419,859,541,600,278,one,
33.646807909,1580262766.22,417,860,542,601,277,one,
33.6673710346,1580262766.24,417,860,536,597,274,one,
33.6919519901,1580262766.26,418,858,542,600,274,one,
33.7167088985,1580262766.29,416,861,541,601,276,one,
33.7369849682,1580262766.31,415,861,542,600,274,one,
33.7615039349,1580262766.33,414,857,541,600,272,one,
33.7822320461,1580262766.35,416,860,542,598,272,one,
33.8064460754,1580262766.38,419,861,540,604,276,one,
33.8310489655,1580262766.4,417,861,543,602,275,one,
33.8516070843,1580262766.42,417,860,542,602,274,one,
33.8762359619,1580262766.45,416,863,546,603,276,one,
33.8966748714,1580262766.47,416,863,543,603,277,one,
33.9212188721,1580262766.49,416,863,540,604,277,one,
33.9419488907,1580262766.51,417,863,542,603,275,one,
33.9662699699,1580262766.54,416,864,542,605,278,one,
33.9907410145,1580262766.56,417,865,544,608,279,one,
34.0113589764,1580262766.58,417,865,545,603,276,one,
34.0360729694,1580262766.61,415,863,544,607,276,one,
34.0564489365,1580262766.63,417,864,544,607,278,one,
34.0810160637,1580262766.65,417,865,545,610,279,one,
34.1054940224,1580262766.67,414,865,546,612,277,one,
34.1260108948,1580262766.7,413,865,545,611,278,one,
34.1505589485,1580262766.72,416,865,546,613,279,one,
34.1710588932,1580262766.74,416,866,546,614,279,one,
34.1957828999,1580262766.76,413,865,546,614,277,one,
34.2201900482,1580262766.79,414,866,545,613,274,one,
34.240680933,1580262766.81,416,866,544,614,278,one,
34.2652039528,1580262766.83,415,866,544,613,278,one,
34.2860069275,1580262766.86,415,867,542,613,276,one,
34.310158968,1580262766.88,413,866,545,612,274,one,
34.3306789398,1580262766.9,415,865,545,611,277,one,
34.3553600311,1580262766.92,415,866,544,616,277,one,
34.3798589706,1580262766.95,414,864,544,614,275,one,
34.400400877,1580262766.97,412,865,542,612,276,one,
34.4249639511,1580262766.99,416,866,545,612,280,one,
34.4458808899,1580262767.01,415,865,545,612,279,one,
34.4700450897,1580262767.04,412,866,544,613,275,one,
34.4945170879,1580262767.06,415,866,545,611,273,one,
34.5151929855,1580262767.08,416,866,545,612,280,one,
34.5398459435,1580262767.11,417,865,545,611,282,one,
34.5602018833,1580262767.13,415,864,544,606,278,one,
34.5847010612,1580262767.15,416,865,545,607,281,one,
34.609582901,1580262767.18,417,867,547,612,281,one,
34.6298320293,1580262767.2,418,863,546,609,283,one,
34.6543228626,1580262767.22,415,867,545,606,281,one,
34.674849987,1580262767.24,418,867,546,610,278,one,
34.6997599602,1580262767.27,417,864,546,610,286,one,
34.7200260162,1580262767.29,417,866,546,611,284,one,
34.7445418835,1580262767.31,412,866,546,609,281,one,
34.7689368725,1580262767.34,414,866,546,611,281,one,
34.7894940376,1580262767.36,418,866,544,613,285,one,
34.8140079975,1580262767.38,417,867,547,613,284,one,
34.8345608711,1580262767.4,418,867,545,611,280,one,
34.8593580723,1580262767.43,418,867,548,610,282,one,
34.8836328983,1580262767.45,417,867,545,614,284,one,
34.904198885,1580262767.47,415,868,546,613,282,one,
34.9287889004,1580262767.5,418,868,545,612,280,one,
34.9493160248,1580262767.52,417,867,544,613,283,one,
34.9738199711,1580262767.54,418,868,546,617,283,one,
34.9984509945,1580262767.57,416,867,546,615,282,one,
35.0190050602,1580262767.59,414,866,547,615,279,one,
35.0434839725,1580262767.61,418,867,546,615,277,one,
35.063988924,1580262767.63,416,867,546,617,281,one,
35.0884809494,1580262767.66,417,869,548,617,280,one,
35.1091570854,1580262767.68,415,867,544,615,277,one,
35.1335270405,1580262767.7,414,867,545,615,279,one,
35.1580429077,1580262767.73,418,868,545,619,283,one,
35.1786489487,1580262767.75,417,867,547,616,281,one,
35.2030870914,1580262767.77,416,866,548,613,278,one,
35.2237079144,1580262767.79,417,866,547,619,282,one,
35.2482938766,1580262767.82,417,868,548,619,285,one,
35.2728350163,1580262767.84,416,867,550,619,285,one,
35.2932019234,1580262767.86,417,868,545,616,281,one,
35.3177819252,1580262767.89,416,868,547,617,282,one,
35.3384029865,1580262767.91,419,869,550,620,284,one,
35.3630809784,1580262767.93,416,870,543,619,283,one,
35.3874220848,1580262767.96,414,867,543,616,281,one,
35.4078719616,1580262767.98,414,869,551,616,282,one,
35.4324610233,1580262768.0,417,867,549,619,285,one,
35.4530069828,1580262768.02,416,869,548,619,282,one,
35.4777178764,1580262768.05,413,868,550,617,277,one,
35.4980928898,1580262768.07,417,868,548,617,283,one,
35.5228478909,1580262768.09,417,869,550,620,282,one,
35.5471229553,1580262768.12,419,869,551,618,283,one,
35.567759037,1580262768.14,417,866,548,614,275,one,
35.5922679901,1580262768.16,417,869,549,618,284,one,
35.6127960682,1580262768.18,417,868,548,618,284,one,
35.6372990608,1580262768.21,417,868,542,619,281,one,
35.6617529392,1580262768.23,415,868,547,618,280,one,
35.6824829578,1580262768.25,416,867,544,618,281,one,
35.706952095,1580262768.28,416,868,546,621,282,one,
35.7274880409,1580262768.3,416,867,547,617,281,one,
35.7519519329,1580262768.32,415,868,546,614,277,one,
35.7766568661,1580262768.35,417,869,546,619,284,one,
35.7971100807,1580262768.37,418,866,547,618,286,one,
35.8216090202,1580262768.39,416,865,545,617,285,one,
35.8422889709,1580262768.41,414,865,544,615,285,one,
35.8669250011,1580262768.44,418,865,543,616,285,one,
35.8911719322,1580262768.46,418,867,544,619,288,one,
35.9117400646,1580262768.48,420,866,543,619,284,one,
35.9362978935,1580262768.51,419,865,540,619,286,one,
35.9568688869,1580262768.53,420,865,542,623,291,one,
35.9813330173,1580262768.55,420,863,542,625,290,one,
36.0019440651,1580262768.57,417,864,541,625,282,one,
36.0269489288,1580262768.6,420,863,542,626,287,one,
36.0509359837,1580262768.62,419,865,545,629,291,one,
36.0713748932,1580262768.64,419,867,548,639,292,one,
36.09593606,1580262768.67,419,868,553,641,287,one,
36.1165230274,1580262768.69,418,870,555,644,291,one,
36.1410429478,1580262768.71,421,871,560,651,295,one,
36.1655399799,1580262768.73,422,872,560,654,293,one,
36.1863319874,1580262768.76,421,873,562,655,289,one,
36.2106339931,1580262768.78,419,876,562,660,293,one,
36.2312309742,1580262768.8,421,875,565,661,295,one,
36.2557258606,1580262768.82,418,878,566,664,295,one,
36.280205965,1580262768.85,421,874,568,663,295,one,
36.3007760048,1580262768.87,419,879,566,663,292,one,
36.325275898,1580262768.89,421,879,570,667,297,one,
36.3459179401,1580262768.92,423,879,571,668,296,one,
36.3704268932,1580262768.94,419,879,571,668,293,one,
36.3910050392,1580262768.96,422,879,572,667,294,one,
36.415569067,1580262768.98,421,880,571,669,294,one,
36.4401788712,1580262769.01,421,881,571,669,297,one,
36.4608550072,1580262769.03,420,880,573,667,289,one,
36.4851179123,1580262769.05,419,881,572,667,293,one,
36.5057060719,1580262769.07,421,882,573,669,295,one,
36.5301980972,1580262769.1,418,881,573,669,295,one,
36.5546638966,1580262769.12,413,882,576,665,291,one,
36.5751750469,1580262769.14,420,881,570,666,291,one,
36.5999200344,1580262769.17,421,881,573,669,292,one,
36.6201798916,1580262769.19,418,883,571,669,294,one,
36.6447639465,1580262769.21,419,882,575,669,292,one,
36.6692259312,1580262769.24,419,883,573,669,291,one,
36.6899359226,1580262769.26,421,882,574,670,295,one,
36.7144210339,1580262769.28,420,881,574,667,292,one,
36.7350239754,1580262769.3,420,880,574,670,287,one,
36.7594819069,1580262769.33,420,884,575,667,292,one,
36.7800989151,1580262769.35,420,883,574,671,293,one,
36.8045430183,1580262769.37,416,883,575,670,291,one,
36.8291699886,1580262769.4,418,882,572,669,289,one,
36.849850893,1580262769.42,418,884,572,669,288,one,
36.8741710186,1580262769.44,419,882,575,669,294,one,
36.8946800232,1580262769.46,421,883,577,669,290,one,
36.9192929268,1580262769.49,418,880,574,667,289,one,
36.9439220428,1580262769.51,423,881,575,666,293,one,
36.9643270969,1580262769.53,420,883,575,672,293,one,
36.9888179302,1580262769.56,418,883,575,672,291,one,
37.0093989372,1580262769.58,418,883,576,667,288,one,
37.0339159966,1580262769.6,418,883,573,670,290,one,
37.0584740639,1580262769.63,419,884,576,671,293,one,
37.0791330338,1580262769.65,420,881,576,671,291,one,
37.103703022,1580262769.67,419,881,574,669,288,one,
37.1240530014,1580262769.69,420,882,578,670,289,one,
37.148581028,1580262769.72,420,884,574,671,291,one,
37.1692419052,1580262769.74,415,883,575,671,290,one,
37.1940600872,1580262769.76,416,884,576,668,285,one,
37.2182250023,1580262769.79,418,883,574,669,289,one,
37.2387750149,1580262769.81,419,884,575,671,293,one,
37.2632250786,1580262769.83,418,883,575,670,290,one,
37.2836449146,1580262769.85,417,882,573,668,284,one,
37.3082089424,1580262769.88,418,883,576,667,290,one,
