1E+027,pr2,pr3,pr4,pr5,label,intId
536,834,624,694,384,fist,1
536,834,624,694,383,fist,1
536,834,624,693,383,fist,1
536,834,624,694,383,fist,1
536,834,624,693,382,fist,1
536,834,624,694,384,fist,1
536,834,624,694,383,fist,1
536,834,624,693,383,fist,1
536,834,624,694,383,fist,1
536,834,624,693,382,fist,1
529,828,621,688,368,fist,1
529,828,621,687,368,fist,1
529,827,620,687,368,fist,1
529,827,621,687,368,fist,1
529,828,620,687,367,fist,1
529,828,620,687,367,fist,1
528,827,621,687,367,fist,1
528,828,620,687,366,fist,1
528,828,621,687,367,fist,1
528,828,620,687,367,fist,1
528,828,620,687,368,fist,1
528,828,621,687,372,fist,1
528,828,621,688,379,fist,1
531,828,621,688,389,fist,1
533,829,621,689,396,fist,1
537,828,622,688,400,fist,1
544,829,622,689,401,fist,1
552,830,623,689,400,fist,1
561,830,623,690,404,fist,1
572,831,623,690,415,fist,1
583,831,624,690,431,fist,1
591,831,623,690,449,fist,1
593,831,624,691,464,fist,1
593,833,625,695,470,fist,1
600,836,627,697,480,fist,1
613,838,630,697,511,fist,1
624,839,632,698,534,fist,1
633,839,633,698,557,fist,1
639,839,633,698,570,fist,1
642,840,634,698,581,fist,1
645,840,635,698,589,fist,1
647,840,635,698,596,fist,1
648,839,635,697,600,fist,1
635,838,633,697,580,fist,1
631,838,632,697,571,fist,1
637,838,633,698,572,fist,1
649,840,635,698,601,fist,1
651,840,635,698,609,fist,1
654,839,636,698,612,fist,1
654,840,635,698,612,fist,1
654,840,636,698,613,fist,1
656,840,636,698,614,fist,1
655,840,636,698,615,fist,1
656,840,637,698,616,fist,1
655,840,636,699,615,fist,1
655,840,637,699,615,fist,1
656,841,637,700,616,fist,1
656,841,637,699,616,fist,1
654,841,637,699,616,fist,1
652,841,637,700,612,fist,1
652,842,636,699,611,fist,1
652,841,637,699,611,fist,1
654,841,636,699,612,fist,1
656,841,637,699,615,fist,1
657,841,637,699,618,fist,1
657,841,637,699,618,fist,1
657,842,637,699,619,fist,1
658,841,637,699,620,fist,1
658,841,637,699,620,fist,1
658,841,637,699,620,fist,1
658,841,637,699,620,fist,1
658,840,637,699,620,fist,1
658,841,637,699,621,fist,1
658,841,637,699,620,fist,1
659,841,638,699,620,fist,1
660,843,638,700,622,fist,1
660,845,639,702,624,fist,1
662,849,641,708,627,fist,1
665,855,645,712,631,fist,1
668,860,648,715,634,fist,1
669,863,650,720,636,fist,1
670,865,651,724,635,fist,1
670,865,652,726,636,fist,1
670,866,651,728,636,fist,1
671,865,652,729,637,fist,1
671,866,652,730,637,fist,1
671,866,652,730,637,fist,1
672,866,652,730,637,fist,1
672,866,652,730,638,fist,1
672,866,652,731,638,fist,1
672,866,653,730,639,fist,1
672,867,653,730,639,fist,1
672,866,653,730,639,fist,1
672,866,653,730,640,fist,1
672,866,653,729,640,fist,1
672,866,653,729,640,fist,1
671,866,653,729,640,fist,1
672,866,652,729,640,fist,1
672,867,653,729,640,fist,1
674,866,654,729,640,fist,1
673,868,653,729,640,fist,1
674,866,654,729,641,fist,1
674,867,653,729,641,fist,1
674,866,654,728,642,fist,1
674,867,653,728,641,fist,1
674,867,653,728,641,fist,1
674,867,653,727,641,fist,1
674,867,653,728,641,fist,1
674,867,653,728,641,fist,1
674,867,653,728,641,fist,1
674,867,653,727,641,fist,1
674,867,654,727,641,fist,1
674,867,653,727,641,fist,1
674,867,653,728,640,fist,1
673,867,653,728,640,fist,1
673,867,654,728,640,fist,1
673,868,653,728,640,fist,1
673,867,653,727,640,fist,1
672,867,653,728,640,fist,1
672,866,653,727,640,fist,1
672,868,652,728,639,fist,1
671,868,653,727,638,fist,1
671,868,653,728,638,fist,1
670,868,654,727,638,fist,1
670,868,654,728,637,fist,1
669,868,653,728,636,fist,1
668,868,654,728,636,fist,1
668,867,653,728,635,fist,1
666,868,653,727,634,fist,1
665,868,653,727,632,fist,1
665,867,653,727,632,fist,1
664,868,653,727,631,fist,1
663,868,652,727,629,fist,1
662,868,653,727,628,fist,1
661,868,653,727,627,fist,1
660,868,653,728,626,fist,1
660,868,653,728,626,fist,1
660,868,653,727,625,fist,1
660,868,653,728,625,fist,1
659,868,653,728,625,fist,1
659,868,653,728,625,fist,1
659,868,652,728,626,fist,1
660,868,653,727,626,fist,1
660,868,652,728,627,fist,1
662,867,653,727,629,fist,1
662,868,652,728,629,fist,1
664,868,653,727,631,fist,1
665,868,653,728,632,fist,1
666,869,653,728,633,fist,1
667,868,653,727,636,fist,1
668,868,653,728,636,fist,1
669,869,653,728,637,fist,1
670,868,653,728,637,fist,1
670,868,653,728,638,fist,1
671,868,653,728,639,fist,1
672,868,653,728,639,fist,1
672,868,653,728,639,fist,1
672,869,653,728,640,fist,1
673,868,653,728,640,fist,1
673,869,653,728,640,fist,1
673,868,653,728,640,fist,1
673,869,653,728,640,fist,1
673,868,653,728,640,fist,1
673,869,654,728,640,fist,1
673,868,653,728,640,fist,1
674,869,653,728,640,fist,1
673,869,653,728,640,fist,1
673,867,653,727,641,fist,1
673,869,653,728,640,fist,1
673,868,653,728,640,fist,1
674,869,653,728,640,fist,1
674,869,653,728,640,fist,1
674,869,654,728,640,fist,1
673,869,653,728,640,fist,1
674,869,654,728,640,fist,1
674,869,653,728,640,fist,1
674,869,653,728,640,fist,1
674,869,653,728,640,fist,1
674,869,653,729,640,fist,1
674,869,653,728,640,fist,1
673,869,653,728,640,fist,1
674,869,653,728,640,fist,1
674,869,653,728,640,fist,1
674,869,653,728,640,fist,1
673,869,653,728,640,fist,1
674,869,653,728,640,fist,1
673,869,653,728,640,fist,1
673,869,653,728,640,fist,1
673,869,653,728,640,fist,1
673,869,653,728,639,fist,1
674,868,653,728,640,fist,1
673,869,653,728,640,fist,1
674,868,653,728,640,fist,1
673,869,653,728,639,fist,1
673,869,653,728,640,fist,1
674,869,654,728,640,fist,1
673,870,653,729,639,fist,1
674,869,653,728,640,fist,1
673,869,653,728,640,fist,1
673,869,653,728,640,fist,1
673,869,653,728,640,fist,1
673,869,653,727,640,fist,1
673,869,653,728,640,fist,1
674,869,653,728,639,fist,1
673,869,653,728,640,fist,1
673,869,653,728,639,fist,1
674,869,653,728,640,fist,1
673,869,653,727,640,fist,1
673,869,652,725,640,fist,1
674,869,652,723,640,fist,1
674,869,652,720,641,fist,1
673,869,651,719,640,fist,1
672,869,650,718,640,fist,1
672,868,649,716,639,fist,1
670,868,648,715,638,fist,1
670,865,647,713,638,fist,1
669,862,645,713,637,fist,1
668,857,646,711,636,fist,1
667,852,645,710,634,fist,1
665,847,644,709,633,fist,1
665,844,642,707,632,fist,1
664,843,641,706,631,fist,1
664,840,641,705,630,fist,1
663,840,639,704,629,fist,1
663,838,639,703,628,fist,1
662,838,638,702,627,fist,1
661,836,637,702,626,fist,1
661,836,636,702,625,fist,1
660,835,636,702,623,fist,1
659,834,636,702,622,fist,1
659,835,635,702,621,fist,1
658,835,635,702,620,fist,1
658,835,635,703,619,fist,1
657,835,635,703,618,fist,1
656,835,636,703,617,fist,1
656,836,635,703,617,extend,2
656,835,635,703,616,extend,2
656,835,635,704,617,extend,2
656,834,635,703,616,extend,2
656,835,634,704,616,extend,2
656,834,635,703,616,extend,2
656,835,635,704,615,extend,2
656,835,636,703,616,extend,2
656,835,636,703,616,extend,2
656,835,635,703,616,extend,2
656,835,635,703,616,extend,2
656,835,635,704,616,extend,2
656,835,635,703,617,extend,2
656,835,635,704,616,extend,2
656,835,635,703,616,extend,2
656,834,635,703,615,extend,2
656,835,635,703,616,extend,2
656,835,635,703,615,extend,2
656,835,634,703,615,extend,2
656,835,635,703,615,extend,2
656,835,635,704,615,extend,2
656,835,635,704,615,extend,2
656,835,635,703,615,extend,2
656,834,634,703,615,extend,2
656,835,635,703,615,extend,2
655,835,634,703,616,extend,2
656,834,635,703,615,extend,2
655,834,634,704,615,extend,2
656,834,635,703,615,extend,2
656,835,634,703,615,extend,2
656,834,635,704,615,extend,2
656,835,635,703,614,extend,2
656,834,635,704,615,extend,2
657,835,635,704,615,extend,2
656,835,635,704,615,extend,2
656,835,635,703,616,extend,2
656,835,635,704,616,extend,2
656,834,635,703,616,extend,2
656,835,635,704,616,extend,2
656,835,635,703,616,extend,2
656,835,635,703,616,extend,2
656,835,635,704,615,extend,2
656,835,634,704,614,extend,2
652,835,634,704,609,extend,2
651,835,634,704,607,extend,2
653,835,634,704,612,extend,2
654,835,635,704,611,extend,2
652,835,634,704,609,extend,2
651,834,634,703,609,extend,2
652,835,634,704,609,extend,2
651,835,634,703,609,extend,2
653,834,635,703,611,extend,2
654,835,634,703,611,extend,2
654,835,634,703,611,extend,2
654,835,634,704,609,extend,2
652,835,634,704,607,extend,2
652,835,634,704,606,extend,2
650,836,634,704,604,extend,2
649,835,633,704,604,extend,2
649,835,633,704,603,extend,2
648,835,634,704,603,extend,2
648,835,633,704,602,extend,2
647,835,634,703,601,extend,2
646,835,633,703,599,extend,2
645,835,633,704,597,extend,2
645,835,633,703,596,extend,2
643,835,633,704,594,extend,2
642,834,633,704,594,extend,2
642,835,633,704,593,extend,2
641,835,633,703,593,extend,2
641,834,633,703,593,extend,2
641,835,633,704,592,extend,2
641,835,633,704,591,extend,2
641,835,633,704,591,extend,2
641,834,632,703,589,extend,2
640,834,632,704,587,extend,2
640,833,632,703,585,extend,2
640,833,632,703,583,extend,2
640,834,631,703,580,extend,2
640,834,631,704,578,extend,2
639,834,631,704,575,extend,2
639,834,632,704,575,extend,2
638,834,631,704,574,extend,2
638,833,631,703,574,extend,2
638,834,631,703,573,extend,2
638,834,631,703,573,extend,2
638,834,631,703,572,extend,2
638,834,631,703,572,extend,2
638,833,631,703,572,extend,2
638,834,631,703,572,extend,2
638,834,631,703,573,extend,2
638,834,631,704,574,extend,2
638,834,631,703,576,extend,2
639,834,631,703,577,extend,2
639,834,632,703,580,extend,2
639,834,632,704,582,extend,2
639,834,632,704,585,extend,2
639,834,632,703,587,extend,2
638,834,632,703,589,extend,2
640,833,632,703,590,extend,2
639,834,632,703,591,extend,2
640,834,633,702,592,extend,2
641,834,633,704,592,extend,2
640,835,633,703,593,extend,2
640,835,633,704,594,extend,2
641,835,633,704,595,extend,2
640,835,633,703,596,extend,2
640,835,633,704,596,extend,2
640,835,633,703,597,extend,2
639,835,632,704,596,extend,2
638,835,633,703,596,extend,2
636,835,633,703,593,extend,2
636,834,633,704,591,extend,2
636,835,633,703,591,extend,2
637,835,633,703,591,extend,2
638,835,634,703,593,extend,2
639,835,634,704,595,extend,2
636,834,634,703,596,extend,2
635,835,634,703,593,extend,2
635,834,634,704,593,extend,2
635,835,633,704,593,extend,2
636,834,634,703,593,extend,2
639,834,634,704,595,extend,2
639,835,633,703,597,extend,2
641,834,634,703,598,extend,2
638,835,633,704,596,extend,2
640,835,631,704,593,extend,2
641,835,634,703,596,extend,2
642,835,633,703,598,extend,2
648,835,635,704,605,extend,2
648,835,634,704,607,extend,2
649,835,634,704,609,extend,2
650,835,634,704,609,extend,2
650,835,634,703,609,extend,2
650,835,634,704,609,extend,2
651,835,634,704,609,extend,2
651,835,634,703,609,extend,2
650,835,634,704,609,extend,2
650,835,634,703,608,extend,2
651,835,634,704,609,extend,2
651,835,634,704,609,extend,2
651,835,634,703,609,extend,2
651,835,634,704,609,extend,2
652,835,635,703,610,extend,2
653,832,634,701,612,extend,2
654,829,629,695,613,extend,2
654,824,623,685,614,extend,2
655,820,620,676,616,extend,2
655,819,618,674,617,extend,2
656,818,618,673,617,extend,2
657,819,618,673,618,extend,2
657,818,617,673,618,extend,2
658,818,618,673,619,extend,2
658,820,618,674,619,extend,2
658,819,619,673,620,extend,2
659,819,619,673,620,extend,2
659,819,619,672,620,extend,2
659,819,619,672,620,extend,2
659,818,619,671,620,extend,2
659,818,620,671,620,extend,2
659,818,619,671,621,extend,2
659,818,620,671,621,extend,2
659,818,619,671,620,extend,2
659,818,620,672,620,extend,2
659,818,620,672,621,extend,2
659,818,620,672,620,extend,2
660,818,620,672,620,extend,2
660,817,620,671,621,extend,2
660,817,620,671,621,extend,2
659,817,620,671,621,extend,2
660,816,620,671,620,extend,2
659,817,619,671,620,extend,2
660,817,620,671,621,extend,2
660,817,620,671,620,extend,2
660,818,620,671,621,extend,2
660,820,620,671,621,extend,2
660,823,620,671,621,extend,2
660,824,620,671,621,extend,2
659,826,620,671,621,extend,2
660,826,620,671,622,extend,2
660,826,620,671,621,extend,2
660,826,620,671,621,extend,2
660,825,621,672,621,extend,2
660,825,621,671,621,extend,2
660,824,621,671,621,extend,2
660,824,622,671,620,extend,2
660,823,621,671,621,extend,2
660,822,621,671,621,extend,2
660,822,621,671,621,extend,2
659,822,621,671,620,extend,2
659,821,621,671,621,extend,2
660,821,621,671,621,extend,2
659,820,621,671,621,extend,2
660,820,622,672,621,extend,2
659,820,622,672,621,extend,2
660,819,622,671,621,extend,2
660,820,621,672,620,extend,2
660,819,622,671,620,extend,2
660,820,622,672,620,extend,2
660,820,622,672,621,extend,2
660,820,622,672,620,extend,2
660,820,622,672,620,extend,2
660,820,622,672,620,extend,2
660,819,622,672,620,extend,2
659,819,622,672,620,extend,2
659,819,622,672,620,extend,2
659,820,622,672,620,extend,2
660,819,622,672,619,extend,2
659,819,622,672,620,extend,2
659,819,622,672,619,extend,2
659,820,621,672,619,extend,2
659,819,620,673,619,extend,2
659,819,622,672,619,extend,2
659,819,622,672,619,extend,2
659,819,622,672,619,extend,2
659,820,622,673,620,extend,2
659,819,622,673,619,extend,2
659,819,621,673,619,extend,2
659,819,622,672,620,extend,2
659,819,621,673,619,extend,2
660,818,622,672,619,extend,2
659,820,622,673,619,extend,2
659,819,621,673,620,extend,2
660,820,622,673,619,extend,2
659,820,621,673,620,extend,2
659,819,623,673,620,extend,2
660,820,622,674,620,extend,2
659,819,622,673,620,extend,2
659,820,624,673,619,extend,2
659,820,623,674,620,extend,2
660,819,623,674,620,extend,2
659,820,623,674,620,extend,2
659,821,623,674,619,extend,2
660,821,623,674,620,extend,2
660,821,623,674,620,extend,2
659,821,623,675,620,extend,2
660,821,623,675,620,extend,2
660,821,623,675,621,extend,2
660,821,623,675,621,extend,2
660,821,624,675,621,extend,2
660,822,623,675,620,extend,2
660,821,624,675,621,extend,2
660,822,624,675,621,extend,2
660,822,623,675,621,extend,2
660,822,624,675,620,extend,2
660,822,625,676,621,extend,2
661,822,624,676,621,extend,2
660,822,624,676,621,extend,2
661,822,624,676,621,extend,2
660,822,624,676,621,extend,2
661,822,624,676,622,extend,2
660,822,624,676,621,extend,2
661,822,624,676,622,extend,2
660,822,624,676,621,extend,2
660,822,624,676,621,extend,2
660,823,625,676,621,extend,2
661,823,625,676,621,extend,2
661,823,625,677,621,extend,2
661,823,625,677,621,extend,2
660,823,625,676,621,extend,2
660,824,625,677,621,extend,2
661,823,625,677,622,extend,2
661,824,625,677,622,extend,2
661,824,625,677,622,extend,2
661,823,625,677,622,extend,2
660,823,625,677,621,extend,2
661,823,626,677,622,extend,2
660,824,625,677,621,extend,2
661,823,626,676,621,extend,2
661,824,625,677,621,extend,2
661,824,626,676,622,extend,2
661,824,626,677,622,extend,2
661,824,626,677,622,extend,2
661,824,626,677,622,extend,2
661,824,626,677,622,extend,2
661,823,626,677,622,extend,2
661,824,626,677,622,extend,2
661,824,626,677,622,extend,2
661,824,626,676,622,extend,2
661,824,626,677,622,extend,2
661,824,626,677,622,extend,2
661,824,626,677,622,extend,2
661,824,626,677,622,extend,2
661,824,626,677,622,extend,2
661,824,626,678,622,extend,2
661,824,625,681,622,extend,2
661,824,625,682,622,extend,2
660,824,625,685,621,extend,2
659,824,625,688,619,extend,2
660,825,626,690,620,extend,2
659,828,626,693,619,extend,2
659,828,627,694,619,extend,2
659,830,627,695,619,extend,2
658,829,628,695,618,extend,2
659,829,628,696,616,extend,2
658,830,629,696,617,extend,2
659,830,628,697,617,extend,2
658,830,628,697,617,extend,2
658,830,629,697,617,extend,2
657,831,629,697,616,extend,2
657,831,629,697,616,extend,2
657,831,629,698,616,extend,2
657,832,629,698,616,extend,2
657,831,629,698,616,one,3
658,832,630,698,616,one,3
657,831,630,698,616,one,3
658,832,630,698,616,one,3
657,832,630,698,616,one,3
657,833,630,699,616,one,3
657,832,630,699,616,one,3
658,833,630,699,616,one,3
657,833,630,699,616,one,3
657,833,631,699,616,one,3
657,833,631,699,616,one,3
658,832,631,699,617,one,3
658,833,630,699,616,one,3
658,832,631,699,616,one,3
658,833,631,700,616,one,3
657,833,631,699,616,one,3
658,833,632,700,615,one,3
658,834,631,700,616,one,3
658,833,632,699,616,one,3
658,834,631,700,616,one,3
658,834,631,699,617,one,3
658,833,631,700,616,one,3
658,833,632,699,617,one,3
657,834,631,699,616,one,3
658,833,631,699,616,one,3
658,833,631,700,616,one,3
658,833,631,699,616,one,3
658,833,632,699,616,one,3
658,833,631,699,616,one,3
657,833,632,699,616,one,3
658,833,631,700,616,one,3
657,833,632,699,616,one,3
658,833,631,699,616,one,3
657,833,631,699,616,one,3
657,833,631,699,616,one,3
657,833,631,699,616,one,3
657,832,631,699,616,one,3
657,833,630,699,616,one,3
658,834,631,699,616,one,3
657,833,631,699,616,one,3
658,833,631,699,616,one,3
658,833,632,699,617,one,3
658,834,631,700,616,one,3
658,834,632,699,617,one,3
658,833,632,699,616,one,3
658,833,631,700,617,one,3
658,833,631,700,617,one,3
657,833,631,699,616,one,3
657,833,632,700,616,one,3
657,833,631,699,616,one,3
657,833,631,699,615,one,3
657,834,632,699,615,one,3
657,834,631,699,615,one,3
656,833,632,699,615,one,3
656,833,632,699,614,one,3
655,833,631,699,612,one,3
654,833,631,699,613,one,3
654,833,631,700,614,one,3
654,833,631,699,614,one,3
655,832,632,699,613,one,3
655,833,631,699,613,one,3
655,832,631,699,614,one,3
656,833,631,699,614,one,3
656,833,631,698,615,one,3
657,833,631,699,615,one,3
657,833,631,699,615,one,3
657,833,631,699,615,one,3
657,833,632,699,615,one,3
656,833,630,699,615,one,3
657,833,631,699,615,one,3
657,833,632,699,615,one,3
657,833,631,699,615,one,3
657,833,631,699,615,one,3
657,833,632,699,615,one,3
656,833,631,699,615,one,3
656,833,632,699,615,one,3
657,833,631,699,615,one,3
657,833,631,699,615,one,3
657,833,631,699,615,one,3
656,832,631,699,614,one,3
657,833,631,699,614,one,3
656,833,631,699,614,one,3
656,833,631,699,614,one,3
655,833,631,700,614,one,3
656,832,631,699,614,one,3
656,832,631,699,614,one,3
656,832,631,698,614,one,3
657,833,631,699,613,one,3
656,833,631,699,614,one,3
657,833,632,699,613,one,3
656,833,631,698,612,one,3
656,833,632,699,614,one,3
656,833,631,700,613,one,3
656,832,631,699,613,one,3
656,832,631,699,613,one,3
656,833,631,699,613,one,3
656,832,631,699,613,one,3
655,833,631,699,613,one,3
656,832,631,698,613,one,3
655,832,631,698,613,one,3
656,832,631,698,613,one,3
655,832,631,698,613,one,3
655,832,631,699,612,one,3
656,833,631,699,613,one,3
655,833,631,698,613,one,3
656,833,631,699,613,one,3
655,833,631,698,613,one,3
656,832,631,699,613,one,3
655,832,630,699,613,one,3
655,832,631,698,613,one,3
655,833,631,699,612,one,3
655,832,631,698,612,one,3
656,832,631,699,612,one,3
656,833,631,699,612,one,3
655,832,631,699,611,one,3
655,833,631,699,611,one,3
656,832,632,699,611,one,3
655,832,631,699,610,one,3
655,832,632,699,610,one,3
655,833,631,699,610,one,3
654,832,631,699,610,one,3
655,833,631,699,610,one,3
655,833,631,699,610,one,3
655,833,631,699,609,one,3
655,833,631,699,610,one,3
654,833,631,699,610,one,3
654,833,631,699,609,one,3
655,833,631,699,610,one,3
654,833,631,699,610,one,3
654,833,632,700,610,one,3
655,833,631,699,611,one,3
655,833,631,699,611,one,3
655,832,631,699,611,one,3
654,833,630,699,611,one,3
655,832,631,699,611,one,3
655,834,631,699,612,one,3
655,833,631,699,612,one,3
655,833,632,699,612,one,3
655,833,631,699,613,one,3
656,833,631,699,613,one,3
655,833,631,699,613,one,3
656,833,632,699,613,one,3
655,834,631,699,614,one,3
655,833,631,698,614,one,3
656,833,631,699,614,one,3
656,833,631,699,615,one,3
656,833,631,699,615,one,3
656,833,631,699,615,one,3
656,832,632,699,616,one,3
656,833,631,699,616,one,3
657,833,631,699,617,one,3
657,833,632,699,617,one,3
657,833,632,699,617,one,3
657,833,632,699,618,one,3
657,833,632,699,618,one,3
657,833,632,699,619,one,3
656,833,632,699,619,one,3
657,832,632,698,620,one,3
657,833,632,699,621,one,3
657,833,632,699,621,one,3
657,834,632,699,621,one,3
657,834,632,699,621,one,3
658,833,633,699,621,one,3
657,834,632,699,621,one,3
658,833,633,699,622,one,3
657,834,632,699,621,one,3
657,834,633,699,622,one,3
658,834,632,700,622,one,3
657,833,633,699,623,one,3
658,834,633,699,622,one,3
658,833,633,699,622,one,3
658,834,632,699,622,one,3
658,833,633,699,622,one,3
657,834,632,699,623,one,3
658,833,632,699,622,one,3
657,833,632,699,622,one,3
657,833,632,699,622,one,3
657,834,632,699,622,one,3
658,833,632,699,622,one,3
657,833,632,699,622,one,3
657,833,632,699,622,one,3
657,833,631,699,621,one,3
656,833,631,699,612,one,3
655,833,631,699,610,one,3
656,833,631,699,610,one,3
656,833,631,699,609,one,3
655,833,631,699,609,one,3
655,833,631,699,609,one,3
655,833,631,699,609,one,3
655,833,631,699,608,one,3
655,833,631,699,609,one,3
655,833,631,698,609,one,3
655,834,631,699,609,one,3
655,833,631,699,610,one,3
655,833,631,699,609,one,3
655,833,631,699,611,one,3
656,833,631,699,611,one,3
656,833,631,699,611,one,3
655,833,632,699,611,one,3
656,833,631,699,612,one,3
656,833,632,699,613,one,3
656,833,631,699,613,one,3
655,833,631,698,614,one,3
655,833,631,699,614,one,3
655,833,631,699,614,one,3
656,832,631,698,614,one,3
656,833,631,699,615,one,3
655,833,631,698,615,one,3
656,833,632,699,614,one,3
655,833,631,699,615,one,3
656,833,632,698,615,one,3
655,833,631,699,616,one,3
653,832,632,698,613,one,3
652,833,631,698,611,one,3
652,832,631,698,611,one,3
652,832,631,698,610,one,3
650,833,631,698,608,one,3
650,832,631,698,608,one,3
649,833,631,699,607,one,3
651,833,631,699,609,one,3
654,834,631,699,613,one,3
655,833,632,699,614,one,3
655,833,632,699,615,one,3
654,833,632,699,615,one,3
655,835,632,699,615,one,3
655,834,632,699,616,one,3
655,833,632,699,616,one,3
655,835,632,699,616,one,3
656,835,633,698,616,one,3
656,836,632,699,617,one,3
656,837,633,699,618,one,3
657,838,634,699,617,one,3
656,839,634,700,618,one,3
658,838,635,700,619,one,3
656,839,635,700,618,one,3
657,840,635,700,618,one,3
657,840,635,701,619,one,3
657,840,636,700,619,one,3
657,840,636,701,620,one,3
657,840,636,701,620,one,3
658,840,636,701,620,one,3
658,841,636,701,620,one,3
658,841,637,701,620,one,3
658,842,638,702,621,one,3
659,844,638,704,623,one,3
661,846,639,705,625,one,3
663,848,641,706,628,one,3
666,852,643,709,631,one,3
667,854,644,711,633,one,3
668,857,646,713,634,one,3
668,858,646,714,634,one,3
669,859,647,715,634,one,3
668,860,646,716,634,one,3
669,860,647,716,634,one,3
668,861,646,717,634,one,3
669,861,647,718,634,one,3
670,862,647,718,634,one,3
669,862,647,719,634,one,3
669,861,647,719,634,one,3
669,862,646,720,634,one,3
669,862,647,719,634,one,3
669,862,647,719,634,one,3
669,862,647,719,635,one,3
669,862,647,719,634,one,3
669,861,646,718,634,one,3
668,862,647,718,634,one,3
668,862,647,718,633,one,3
669,862,647,718,634,one,3
669,862,647,718,634,one,3
669,862,646,718,633,one,3
668,862,647,718,633,one,3
668,862,647,718,634,one,3
668,862,647,718,633,one,3
668,862,647,718,633,one,3
668,861,646,718,633,one,3
667,862,646,718,633,one,3
668,862,647,718,634,one,3
668,862,646,718,632,one,3
668,861,646,718,633,one,3
669,862,646,718,632,one,3
668,863,646,718,633,one,3
667,862,647,718,633,one,3
667,862,647,718,632,one,3
666,862,647,718,632,one,3
664,862,646,718,630,one,3
664,861,646,718,628,one,3
664,862,646,717,627,one,3
663,862,646,718,627,one,3
663,862,646,718,628,one,3
663,862,646,718,628,one,3
663,862,646,718,628,one,3
663,862,647,717,629,one,3
664,862,647,718,630,one,3
663,861,646,717,629,one,3
658,862,646,718,621,one,3
660,862,646,718,615,one,3
663,862,646,718,625,one,3
663,861,647,717,628,one,3
663,862,646,717,628,one,3
663,862,646,717,629,one,3
662,862,646,718,628,one,3
663,861,646,718,628,one,3
663,862,646,717,628,one,3
663,862,647,717,628,one,3
664,862,647,717,627,one,3
663,862,646,718,628,one,3
663,862,647,718,628,one,3
664,862,646,718,627,one,3
663,862,646,717,627,one,3
664,862,646,718,627,one,3
663,862,646,717,627,one,3
664,862,646,718,627,one,3
664,862,646,717,627,one,3
663,862,646,717,626,one,3
664,862,646,717,627,one,3
664,862,646,717,627,one,3
664,862,646,717,627,one,3
664,862,646,717,627,one,3
664,862,646,717,627,one,3
664,862,646,717,627,one,3
664,862,646,717,627,one,3
664,862,646,717,627,one,3
664,861,646,717,628,one,3
663,862,646,717,627,one,3
664,861,646,717,627,one,3
664,862,646,717,627,one,3
664,862,646,717,628,one,3
664,862,646,717,627,one,3
664,863,646,717,627,one,3
665,862,647,717,627,one,3
664,862,646,718,628,one,3
664,862,647,717,628,one,3
664,862,646,718,627,one,3
664,862,647,717,627,one,3
664,862,647,717,628,one,3
664,862,647,716,629,one,3
664,861,647,717,628,one,3
664,862,646,716,629,one,3
665,862,646,716,630,one,3
665,862,646,716,630,one,3
665,862,646,716,631,one,3
665,861,646,715,630,one,3
665,861,646,716,630,one,3
665,861,646,715,631,one,3
665,862,647,716,631,one,3
665,861,647,716,630,one,3
664,862,647,716,630,one,3
664,861,647,716,630,one,3
663,862,646,716,629,one,3
664,862,647,715,629,one,3
664,862,646,716,629,one,3
664,862,647,715,629,one,3
664,862,647,716,628,one,3
664,863,647,715,629,one,3
664,862,647,715,629,one,3
663,862,647,716,628,one,3
663,862,647,715,629,one,3
663,862,646,715,627,one,3
663,862,647,715,628,one,3
663,862,646,715,628,one,3
662,862,646,715,628,one,3
662,862,647,715,628,one,3
662,862,647,715,628,one,3
662,862,647,715,628,one,3
662,863,647,715,628,one,3
662,862,647,715,627,one,3
662,862,647,715,627,one,3
662,862,647,715,628,one,3
662,862,647,715,627,one,3
662,863,647,715,628,one,3
662,862,647,715,628,one,3
662,862,646,715,627,one,3
661,861,647,715,628,one,3
661,862,646,715,627,one,3
661,862,647,715,628,one,3
662,862,647,715,627,one,3
661,862,647,714,628,one,3
661,862,647,715,628,one,3
661,863,647,715,628,one,3
662,862,647,715,628,one,3
661,862,647,715,628,one,3
661,861,647,715,629,one,3
660,862,646,716,628,one,3
660,862,646,715,628,one,3
660,862,646,715,628,one,3
660,861,646,714,628,one,3
659,858,646,711,627,one,3
657,854,645,708,626,one,3
655,848,644,707,622,one,3
653,844,643,706,618,one,3
651,842,642,704,616,one,3
651,840,641,704,615,one,3
650,838,639,702,614,one,3
650,837,638,701,613,one,3
650,836,637,701,614,one,3
650,835,637,701,614,one,3
650,834,636,700,614,one,3
650,833,636,699,614,one,3
650,834,635,700,614,one,3
650,833,635,700,614,one,3
650,833,636,700,613,one,3
650,834,635,700,614,one,3
651,833,636,700,614,one,3
650,833,635,700,614,one,3
650,833,636,700,614,one,3
650,833,636,701,614,two,4
650,833,635,700,614,two,4
650,833,635,701,614,two,4
650,833,635,700,614,two,4
651,834,635,700,614,two,4
650,833,636,701,614,two,4
651,833,635,700,613,two,4
650,833,635,701,614,two,4
650,834,636,701,614,two,4
650,833,636,701,614,two,4
650,833,636,701,614,two,4
650,833,636,701,614,two,4
650,834,636,701,614,two,4
651,834,636,701,614,two,4
650,834,636,701,614,two,4
651,833,636,701,615,two,4
652,834,636,701,615,two,4
653,834,636,701,615,two,4
653,834,636,701,615,two,4
653,834,636,701,615,two,4
654,834,636,701,615,two,4
654,834,636,701,616,two,4
654,834,636,701,615,two,4
653,834,636,702,614,two,4
650,834,636,701,611,two,4
649,834,635,701,609,two,4
648,833,636,701,608,two,4
648,834,636,701,606,two,4
648,833,636,701,608,two,4
650,834,635,701,611,two,4
651,834,635,701,612,two,4
652,833,636,701,612,two,4
652,833,636,701,612,two,4
652,834,636,701,614,two,4
654,834,636,701,616,two,4
655,833,636,701,616,two,4
655,834,636,701,617,two,4
655,833,636,701,617,two,4
655,833,636,701,617,two,4
655,833,636,701,617,two,4
655,833,636,701,618,two,4
655,834,635,701,617,two,4
655,833,636,700,617,two,4
656,833,636,701,617,two,4
656,834,636,701,618,two,4
656,833,637,701,618,two,4
656,833,636,701,617,two,4
656,833,636,701,618,two,4
656,834,636,701,618,two,4
655,833,636,701,617,two,4
656,834,636,701,617,two,4
655,833,636,701,617,two,4
655,834,636,701,617,two,4
655,834,636,701,617,two,4
655,833,636,701,617,two,4
655,834,636,701,617,two,4
655,834,636,701,617,two,4
655,833,636,701,617,two,4
655,833,636,701,617,two,4
656,834,636,701,617,two,4
655,833,636,701,617,two,4
655,833,636,701,617,two,4
655,834,635,701,617,two,4
655,833,636,701,617,two,4
655,833,635,702,616,two,4
655,832,635,701,616,two,4
655,834,635,701,616,two,4
655,834,636,701,616,two,4
655,833,635,701,616,two,4
655,834,636,701,616,two,4
655,834,636,701,616,two,4
654,834,635,702,616,two,4
654,833,636,701,616,two,4
654,834,636,701,615,two,4
654,833,636,701,615,two,4
654,833,636,701,615,two,4
654,833,635,701,615,two,4
653,833,636,701,614,two,4
653,834,635,701,615,two,4
654,834,635,701,615,two,4
654,833,635,701,615,two,4
653,834,635,701,615,two,4
653,834,635,701,615,two,4
654,833,636,701,616,two,4
654,833,636,701,616,two,4
654,833,636,700,615,two,4
654,833,636,701,616,two,4
654,834,636,701,617,two,4
655,834,637,702,618,two,4
656,836,637,702,618,two,4
656,836,639,703,619,two,4
657,836,639,703,619,two,4
656,836,638,702,619,two,4
657,836,639,702,619,two,4
656,836,638,703,619,two,4
656,836,638,702,618,two,4
656,836,638,702,618,two,4
656,835,638,701,618,two,4
656,835,638,702,619,two,4
656,835,638,702,619,two,4
656,835,637,701,618,two,4
656,835,637,701,618,two,4
656,835,637,701,618,two,4
655,835,637,701,618,two,4
655,835,637,701,616,two,4
655,835,637,701,616,two,4
655,834,637,701,616,two,4
653,835,637,701,613,two,4
651,834,637,701,610,two,4
650,835,637,701,610,two,4
650,835,637,701,609,two,4
653,835,636,701,611,two,4
654,835,636,701,613,two,4
656,834,637,700,613,two,4
656,835,637,701,613,two,4
656,834,637,700,611,two,4
656,834,637,701,608,two,4
655,835,636,701,607,two,4
655,834,637,701,606,two,4
654,835,636,701,605,two,4
654,835,636,701,604,two,4
654,835,636,701,603,two,4
654,834,636,701,603,two,4
654,834,636,702,603,two,4
654,834,636,701,603,two,4
654,834,636,701,603,two,4
654,834,636,701,604,two,4
654,834,636,701,604,two,4
654,834,637,701,605,two,4
654,835,637,702,606,two,4
654,835,637,703,606,two,4
654,836,636,704,607,two,4
654,837,637,704,607,two,4
654,837,637,704,608,two,4
655,837,638,704,609,two,4
655,837,638,704,610,two,4
656,836,639,703,613,two,4
657,835,638,703,614,two,4
658,834,639,704,615,two,4
659,835,639,705,615,two,4
658,835,639,706,616,two,4
659,834,639,707,616,two,4
658,835,639,707,616,two,4
658,834,640,707,616,two,4
658,834,639,707,616,two,4
659,834,640,707,617,two,4
658,834,640,707,617,two,4
658,834,640,707,617,two,4
658,834,639,706,618,two,4
659,834,640,707,619,two,4
659,834,640,707,619,two,4
658,834,640,707,619,two,4
658,834,640,707,619,two,4
658,834,640,707,619,two,4
658,834,640,708,620,two,4
658,834,640,708,620,two,4
658,834,640,708,620,two,4
658,835,640,708,620,two,4
658,834,640,708,621,two,4
658,834,640,707,620,two,4
657,834,639,708,620,two,4
658,834,640,708,621,two,4
658,834,639,708,620,two,4
658,834,640,708,620,two,4
659,834,640,708,620,two,4
658,835,640,708,621,two,4
658,834,641,708,621,two,4
658,835,640,708,620,two,4
658,834,641,708,621,two,4
658,834,640,708,621,two,4
658,834,640,708,620,two,4
658,835,640,708,620,two,4
659,834,640,708,620,two,4
658,834,640,708,620,two,4
658,835,640,708,620,two,4
658,835,640,708,619,two,4
658,835,640,708,619,two,4
659,835,640,708,619,two,4
658,835,640,708,619,two,4
658,835,640,708,618,two,4
658,835,641,708,618,two,4
658,835,640,708,617,two,4
658,836,640,708,617,two,4
657,836,640,707,615,two,4
658,836,640,705,615,two,4
658,837,638,704,613,two,4
657,837,638,702,611,two,4
656,836,637,701,609,two,4
653,834,636,699,605,two,4
652,832,635,698,600,two,4
650,832,633,698,597,two,4
650,831,633,696,595,two,4
648,830,632,696,593,two,4
648,829,631,695,592,two,4
647,829,631,695,590,two,4
647,828,631,695,589,two,4
647,828,631,695,588,two,4
647,828,630,695,587,two,4
646,827,631,695,584,two,4
646,827,630,695,582,two,4
645,827,630,696,580,two,4
645,827,630,696,578,two,4
644,828,630,696,575,two,4
643,828,630,696,573,two,4
643,828,630,696,572,two,4
642,828,629,696,571,two,4
642,828,629,697,570,two,4
642,827,629,696,569,two,4
641,827,629,696,569,two,4
642,827,629,697,570,two,4
642,827,628,696,570,two,4
643,828,629,696,572,two,4
644,828,629,696,575,two,4
644,828,629,696,578,two,4
646,827,629,697,580,two,4
646,827,629,698,583,two,4
647,827,629,698,587,two,4
648,827,629,698,588,two,4
648,827,629,697,590,two,4
648,827,629,698,591,two,4
648,827,629,697,592,two,4
648,827,629,697,592,two,4
647,827,629,698,592,two,4
648,827,630,699,592,two,4
648,828,630,700,592,two,4
648,828,631,701,592,two,4
648,829,630,701,590,two,4
648,828,630,701,589,two,4
648,829,631,701,588,two,4
647,829,631,701,587,two,4
647,829,631,701,586,two,4
646,829,630,701,583,two,4
646,828,630,701,582,two,4
644,829,630,701,579,two,4
644,829,630,701,578,two,4
644,830,630,701,576,two,4
644,829,630,700,575,two,4
643,828,630,700,573,two,4
642,829,629,700,572,two,4
642,828,630,699,571,two,4
642,829,629,700,569,two,4
641,828,629,699,569,two,4
641,828,629,699,568,two,4
641,828,629,699,568,two,4
641,827,629,699,568,two,4
640,827,629,699,567,two,4
640,827,629,699,567,two,4
641,827,629,700,567,two,4
640,828,629,699,565,two,4
640,827,629,699,566,two,4
640,827,629,699,566,two,4
640,827,629,700,566,two,4
640,827,629,700,566,two,4
639,828,629,700,565,two,4
639,828,629,700,565,two,4
640,828,629,700,566,two,4
639,828,628,700,565,two,4
639,827,629,700,565,two,4
639,828,628,700,564,two,4
639,827,629,700,564,two,4
639,828,629,700,564,two,4
638,828,629,700,564,two,4
639,828,629,700,564,two,4
638,828,629,701,564,two,4
638,827,629,700,564,two,4
638,827,629,700,563,two,4
638,828,629,700,563,two,4
638,828,629,700,563,two,4
638,827,629,700,562,two,4
637,827,629,700,562,two,4
637,827,629,700,562,two,4
637,827,629,700,563,two,4
637,828,629,699,563,two,4
637,828,629,700,563,two,4
637,828,629,700,563,two,4
637,828,629,700,563,two,4
637,828,629,700,564,two,4
637,828,629,700,563,two,4
637,828,629,700,564,two,4
638,828,629,700,564,two,4
638,827,629,700,564,two,4
638,828,628,700,565,two,4
639,828,629,700,564,two,4
639,828,629,700,565,two,4
640,828,629,700,566,two,4
640,828,630,700,567,two,4
639,828,629,701,567,two,4
640,828,630,700,567,two,4
639,828,629,700,566,two,4
639,828,629,700,565,two,4
639,828,629,700,565,three,5
638,828,629,700,565,three,5
639,828,629,700,565,three,5
638,827,629,700,564,three,5
639,828,629,700,565,three,5
639,828,629,700,565,three,5
639,828,629,700,566,three,5
639,827,629,700,566,three,5
640,827,629,700,567,three,5
640,828,629,701,568,three,5
641,827,629,700,569,three,5
641,827,629,700,570,three,5
641,828,629,700,571,three,5
642,827,630,700,573,three,5
643,828,629,700,574,three,5
644,828,630,700,576,three,5
644,828,630,700,578,three,5
645,828,630,700,581,three,5
646,828,630,700,582,three,5
646,828,630,700,584,three,5
647,828,630,700,586,three,5
647,828,630,700,588,three,5
647,828,630,700,588,three,5
647,828,630,700,589,three,5
647,828,630,701,590,three,5
647,828,630,701,590,three,5
647,828,630,701,590,three,5
647,828,630,700,590,three,5
647,828,631,701,592,three,5
647,828,630,700,592,three,5
647,828,630,700,592,three,5
647,828,630,700,593,three,5
647,828,630,700,593,three,5
648,828,630,700,594,three,5
647,828,631,701,595,three,5
646,828,630,701,594,three,5
646,828,631,701,595,three,5
647,828,630,701,598,three,5
645,827,630,700,594,three,5
643,828,630,700,591,three,5
643,827,631,700,592,three,5
647,828,630,700,598,three,5
648,828,631,700,599,three,5
649,828,631,700,599,three,5
649,828,631,701,600,three,5
650,828,630,700,601,three,5
650,828,631,700,602,three,5
650,828,631,700,602,three,5
650,827,631,700,602,three,5
650,828,630,700,602,three,5
649,827,631,700,602,three,5
650,828,630,700,602,three,5
650,828,630,700,602,three,5
650,828,630,700,602,three,5
650,827,630,700,602,three,5
650,828,630,700,601,three,5
650,828,630,700,601,three,5
651,827,631,700,602,three,5
650,828,630,700,600,three,5
650,827,630,700,600,three,5
650,828,630,700,600,three,5
651,827,631,700,600,three,5
650,827,630,700,600,three,5
651,827,630,700,601,three,5
651,828,630,700,600,three,5
651,829,630,699,601,three,5
652,828,631,700,601,three,5
652,828,631,700,602,three,5
652,828,631,700,603,three,5
651,828,630,701,602,three,5
651,828,631,700,602,three,5
651,828,630,700,602,three,5
652,828,631,700,602,three,5
652,827,631,700,601,three,5
651,828,631,700,601,three,5
651,827,631,700,601,three,5
651,828,630,700,601,three,5
651,828,631,700,602,three,5
651,828,630,700,602,three,5
651,828,631,700,603,three,5
652,828,631,700,603,three,5
652,828,631,700,603,three,5
652,828,631,700,603,three,5
651,828,630,700,603,three,5
652,827,630,700,603,three,5
651,828,630,700,603,three,5
652,827,631,700,604,three,5
651,828,630,700,604,three,5
652,828,631,700,604,three,5
652,828,630,700,603,three,5
652,828,631,700,604,three,5
652,828,631,700,604,three,5
651,828,630,701,604,three,5
652,828,631,700,603,three,5
651,828,631,701,603,three,5
652,828,630,700,602,three,5
651,828,631,700,601,three,5
651,828,630,700,599,three,5
651,828,630,700,597,three,5
651,828,630,700,596,three,5
650,827,630,700,593,three,5
649,828,630,700,590,three,5
649,827,630,700,588,three,5
648,827,630,700,585,three,5
648,827,630,700,583,three,5
647,827,630,700,581,three,5
646,828,629,700,581,three,5
647,827,630,700,581,three,5
645,828,629,700,582,three,5
646,827,629,700,584,three,5
645,828,629,700,585,three,5
646,827,629,699,587,three,5
645,828,629,700,587,three,5
645,827,629,700,588,three,5
645,828,630,700,588,three,5
644,828,629,700,589,three,5
644,827,630,700,589,three,5
643,828,630,700,589,three,5
642,828,629,700,589,three,5
642,827,630,700,589,three,5
641,827,630,700,589,three,5
640,827,630,700,589,three,5
640,828,630,700,589,three,5
640,828,630,700,589,three,5
639,827,630,700,589,three,5
640,827,629,700,590,three,5
640,828,630,700,591,three,5
641,828,630,700,592,three,5
641,828,630,700,592,three,5
642,828,630,700,593,three,5
642,828,630,700,593,three,5
643,828,630,700,594,three,5
644,828,630,700,595,three,5
643,828,630,700,596,three,5
645,827,630,700,597,three,5
645,828,630,700,598,three,5
646,828,630,699,599,three,5
646,828,630,700,599,three,5
646,828,630,700,600,three,5
647,828,631,700,601,three,5
647,828,631,700,601,three,5
647,828,630,700,602,three,5
648,828,631,700,601,three,5
647,828,631,700,602,three,5
647,828,631,700,602,three,5
648,828,630,700,602,three,5
648,828,631,700,602,three,5
648,828,631,699,602,three,5
648,827,630,699,601,three,5
649,827,631,699,601,three,5
649,828,631,700,601,three,5
649,828,630,700,600,three,5
649,828,631,700,600,three,5
649,828,631,699,600,three,5
646,828,631,700,598,three,5
644,828,630,700,593,three,5
644,828,630,700,591,three,5
644,827,630,700,590,three,5
643,828,630,700,589,three,5
646,827,630,700,588,three,5
647,828,630,700,590,three,5
647,828,631,700,591,three,5
646,828,631,700,591,three,5
645,830,631,701,590,three,5
647,829,631,700,589,three,5
647,829,630,701,587,three,5
647,829,631,701,586,three,5
647,829,631,701,584,three,5
646,829,630,701,582,three,5
646,829,631,701,580,three,5
645,829,631,701,578,three,5
645,829,631,701,576,three,5
644,830,631,702,574,three,5
643,832,632,703,573,three,5
644,832,632,704,572,three,5
643,833,633,705,570,three,5
643,833,633,705,570,three,5
642,833,633,705,570,three,5
642,834,634,705,571,three,5
642,835,633,705,572,three,5
644,835,633,706,572,three,5
644,835,634,707,573,three,5
644,835,634,707,573,three,5
643,836,633,708,572,three,5
644,835,634,707,571,three,5
644,835,634,708,571,three,5
643,836,634,707,571,three,5
643,835,635,707,570,three,5
643,835,634,708,570,three,5
643,834,635,707,570,three,5
643,834,634,707,570,three,5
642,834,634,707,569,three,5
642,834,634,707,569,three,5
642,834,634,706,570,three,5
642,833,634,706,570,three,5
642,834,634,707,571,three,5
642,833,635,706,571,three,5
643,833,634,706,573,three,5
643,834,635,706,575,three,5
644,833,635,706,576,three,5
645,833,635,706,578,three,5
645,833,636,706,581,three,5
645,833,635,706,583,three,5
646,833,635,707,584,three,5
645,833,635,706,586,three,5
645,833,635,706,587,three,5
644,833,635,707,587,three,5
645,833,635,705,588,three,5
645,833,636,706,589,three,5
645,834,636,706,588,three,5
645,833,636,706,587,three,5
644,834,636,706,587,three,5
644,834,636,706,586,three,5
644,834,635,707,585,three,5
643,833,636,706,585,three,5
643,833,635,707,583,three,5
642,833,636,706,583,three,5
642,834,635,706,581,three,5
642,833,635,706,579,three,5
641,833,635,706,578,three,5
640,833,635,706,576,three,5
640,833,635,706,575,three,5
640,833,636,706,573,three,5
638,833,635,706,572,three,5
638,833,635,706,570,three,5
637,833,635,706,569,three,5
636,833,635,706,567,three,5
635,833,634,706,565,three,5
634,833,634,706,564,three,5
633,833,634,706,563,three,5
633,832,634,706,561,three,5
632,833,634,706,561,three,5
632,833,634,707,560,three,5
632,833,634,706,559,three,5
631,833,634,706,560,three,5
631,833,635,706,559,three,5
631,833,634,707,559,three,5
631,833,635,706,560,three,5
631,833,634,707,559,three,5
631,833,634,706,560,three,5
631,833,634,706,559,three,5
631,833,634,706,559,three,5
631,832,634,706,559,three,5
631,833,634,706,558,three,5
631,833,634,706,559,three,5
630,833,634,706,558,three,5
630,833,634,707,558,three,5
630,833,634,706,558,three,5
630,833,634,706,558,three,5
630,833,634,706,558,three,5
629,833,634,706,557,three,5
629,833,634,706,557,three,5
628,833,634,706,557,three,5
629,831,634,706,557,three,5
628,833,635,706,556,three,5
628,832,634,706,556,three,5
628,833,634,706,555,three,5
627,833,634,706,555,three,5
628,832,634,706,554,three,5
626,833,634,706,554,three,5
627,833,635,706,555,three,5
626,833,634,707,554,three,5
626,832,634,706,555,three,5
626,832,634,706,554,three,5
626,832,634,706,554,three,5
626,832,634,706,554,three,5
626,832,634,706,553,three,5
626,832,634,706,554,three,5
626,832,634,706,554,three,5
626,832,634,706,554,three,5
626,832,634,706,554,three,5
626,833,634,706,554,three,5
626,832,634,706,554,three,5
627,832,634,706,554,three,5
626,833,634,706,554,three,5
626,832,634,706,554,three,5
626,833,634,706,554,three,5
626,832,634,706,554,three,5
626,831,634,706,554,three,5
626,832,633,706,554,three,5
626,832,634,705,554,three,5
626,832,634,706,554,three,5
625,833,634,706,554,three,5
626,832,635,706,555,three,5
626,833,635,707,554,three,5
625,832,635,706,554,three,5
623,833,635,707,553,three,5
622,832,634,705,553,three,5
620,832,634,706,552,three,5
617,833,634,706,551,three,5
615,831,634,706,550,three,5
613,832,634,706,549,three,5
611,832,634,706,549,three,5
609,832,634,706,547,three,5
608,832,634,706,547,three,5
607,832,634,706,547,three,5
606,832,634,706,546,three,5
606,832,633,706,546,three,5
605,832,634,706,545,three,5
605,833,633,706,546,three,5
606,832,633,706,545,three,5
605,831,634,706,545,three,5
604,832,633,706,545,three,5
605,832,634,705,545,three,5
605,832,633,706,545,three,5
605,832,634,705,545,three,5
606,832,634,706,545,three,5
605,833,634,706,546,three,5
606,832,634,706,546,three,5
605,833,633,707,546,three,5
606,832,634,706,546,three,5
606,832,634,706,546,three,5
606,832,634,706,546,three,5
606,832,634,706,546,three,5
606,832,634,706,546,three,5
606,832,634,706,546,three,5
607,832,634,706,546,three,5
607,833,634,705,546,three,5
607,833,633,706,546,three,5
608,833,634,706,547,three,5
608,833,634,705,547,three,5
609,833,634,705,547,three,5
609,833,633,703,547,three,5
609,834,633,703,547,three,5
610,833,633,702,547,three,5
609,833,632,700,545,three,5
608,832,632,698,544,three,5
607,832,631,698,542,three,5
606,830,631,697,540,three,5
606,830,630,698,539,three,5
606,830,630,698,539,three,5
607,829,630,698,540,three,5
607,830,630,698,540,three,5
608,829,630,698,541,three,5
608,829,629,698,541,three,5
610,828,630,698,543,three,5
612,828,629,698,543,three,5
614,828,630,698,544,three,5
616,828,630,698,545,four,6
617,828,629,698,546,four,6
619,828,630,698,547,four,6
619,828,630,698,547,four,6
620,828,630,698,548,four,6
622,829,630,698,549,four,6
624,828,630,697,550,four,6
625,828,630,698,551,four,6
627,829,630,698,552,four,6
628,828,630,698,553,four,6
628,828,630,698,553,four,6
629,827,630,698,554,four,6
628,828,629,698,553,four,6
630,828,630,698,554,four,6
629,828,629,698,553,four,6
629,829,630,697,553,four,6
630,828,630,698,553,four,6
629,829,630,698,553,four,6
630,828,630,698,554,four,6
629,829,629,699,553,four,6
630,828,630,699,554,four,6
630,829,630,699,554,four,6
630,828,630,698,554,four,6
631,828,630,698,554,four,6
630,829,630,698,555,four,6
631,828,630,698,556,four,6
632,828,630,698,557,four,6
632,828,630,698,558,four,6
633,828,630,699,560,four,6
634,829,630,699,562,four,6
634,829,630,698,564,four,6
635,829,630,699,566,four,6
637,829,630,699,569,four,6
638,829,630,699,572,four,6
639,829,630,699,574,four,6
639,829,630,699,577,four,6
640,828,630,699,580,four,6
641,829,630,699,582,four,6
641,829,631,698,583,four,6
642,829,631,699,585,four,6
642,830,631,698,587,four,6
643,829,632,698,589,four,6
643,830,631,699,590,four,6
643,829,631,699,592,four,6
643,829,631,699,593,four,6
643,829,631,699,595,four,6
643,829,631,699,596,four,6
643,830,632,699,596,four,6
643,829,632,699,598,four,6
643,829,631,699,599,four,6
643,829,632,699,600,four,6
643,829,632,699,601,four,6
643,829,632,699,602,four,6
643,829,632,699,603,four,6
643,829,632,699,603,four,6
643,829,632,699,603,four,6
643,829,632,699,603,four,6
643,829,632,699,603,four,6
643,829,632,699,602,four,6
643,829,632,699,602,four,6
643,829,631,699,601,four,6
643,829,632,698,600,four,6
642,829,632,699,596,four,6
640,829,632,699,593,four,6
638,829,631,699,591,four,6
637,830,631,699,589,four,6
636,829,632,699,588,four,6
636,829,631,699,588,four,6
636,829,631,698,587,four,6
636,829,631,699,588,four,6
638,829,631,698,588,four,6
639,829,631,699,587,four,6
640,829,631,699,588,four,6
643,829,631,698,589,four,6
643,829,631,699,588,four,6
644,829,631,699,587,four,6
644,829,631,699,585,four,6
644,829,631,699,583,four,6
643,829,631,699,580,four,6
643,829,630,699,577,four,6
641,829,631,699,573,four,6
640,829,630,698,569,four,6
638,828,630,699,565,four,6
635,828,630,698,561,four,6
634,827,630,698,558,four,6
632,828,629,698,555,four,6
630,828,629,699,553,four,6
629,828,629,698,551,four,6
628,827,630,698,550,four,6
627,828,630,698,549,four,6
626,828,629,699,548,four,6
625,828,629,699,547,four,6
624,828,629,699,547,four,6
624,827,630,698,547,four,6
623,828,629,698,546,four,6
623,827,629,699,547,four,6
624,827,629,698,547,four,6
624,828,629,698,549,four,6
625,828,629,698,551,four,6
626,828,630,699,554,four,6
627,828,630,698,555,four,6
629,828,629,699,556,four,6
629,828,629,698,556,four,6
630,827,630,698,557,four,6
631,829,630,699,557,four,6
632,829,630,698,558,four,6
633,829,630,699,559,four,6
634,828,630,699,561,four,6
635,829,630,698,563,four,6
636,828,630,698,565,four,6
638,829,630,698,567,four,6
639,829,630,698,571,four,6
641,829,631,698,574,four,6
641,830,631,699,579,four,6
643,829,632,698,583,four,6
644,829,632,699,587,four,6
645,829,632,698,592,four,6
646,830,632,699,595,four,6
647,829,632,698,599,four,6
647,830,632,698,601,four,6
648,830,632,698,603,four,6
648,830,632,698,604,four,6
648,829,632,698,605,four,6
647,829,632,698,603,four,6
646,829,632,698,603,four,6
646,829,632,698,603,four,6
644,829,632,698,600,four,6
644,829,632,698,602,four,6
645,829,633,698,602,four,6
649,829,632,698,607,four,6
650,829,632,699,610,four,6
649,830,632,698,610,four,6
650,828,632,698,610,four,6
647,829,632,698,608,four,6
647,829,632,698,606,four,6
648,829,632,698,605,four,6
648,830,632,698,606,four,6
648,829,632,698,606,four,6
649,830,632,699,606,four,6
649,829,633,698,606,four,6
649,830,632,699,606,four,6
649,829,632,698,606,four,6
649,829,632,698,606,four,6
649,829,632,698,606,four,6
649,829,632,699,606,four,6
649,830,632,698,606,four,6
649,829,632,698,606,four,6
649,829,632,698,606,four,6
649,829,632,698,606,four,6
649,830,632,698,605,four,6
649,829,632,698,605,four,6
649,829,632,698,604,four,6
649,829,632,698,604,four,6
648,829,632,698,603,four,6
648,830,632,698,603,four,6
649,830,634,697,603,four,6
648,831,633,696,603,four,6
650,830,633,695,604,four,6
650,830,633,695,604,four,6
650,830,634,694,605,four,6
651,829,634,695,605,four,6
650,829,635,695,605,four,6
651,828,636,695,606,four,6
651,828,635,695,606,four,6
650,827,636,695,606,four,6
651,828,636,696,606,four,6
651,827,636,695,606,four,6
651,826,636,695,606,four,6
650,826,636,696,606,four,6
650,826,637,695,605,four,6
650,826,636,695,605,four,6
650,826,637,695,605,four,6
649,825,637,695,604,four,6
650,826,637,695,604,four,6
650,825,637,695,603,four,6
649,826,636,695,602,four,6
649,827,636,694,601,four,6
649,826,635,694,601,four,6
649,827,635,694,600,four,6
648,827,634,694,600,four,6
649,826,634,694,600,four,6
649,828,634,694,599,four,6
649,828,634,693,599,four,6
649,828,634,694,599,four,6
649,828,634,694,599,four,6
649,829,635,694,599,four,6
649,828,634,695,599,four,6
650,829,634,694,600,four,6
649,829,634,694,599,four,6
650,829,634,694,600,four,6
650,828,634,694,601,four,6
649,829,634,694,602,four,6
650,828,635,694,602,four,6
650,829,634,694,602,four,6
650,829,634,694,602,four,6
650,829,634,694,602,four,6
650,829,634,694,602,four,6
650,829,634,694,602,four,6
649,829,634,694,602,four,6
650,829,634,694,602,four,6
650,829,633,694,602,four,6
650,829,634,694,603,four,6
649,829,634,694,602,four,6
650,828,634,694,602,four,6
649,829,633,694,602,four,6
650,829,634,694,602,four,6
650,829,634,694,602,four,6
650,829,634,694,602,four,6
650,829,635,694,602,four,6
650,829,634,694,602,four,6
649,829,634,693,602,four,6
650,829,634,695,602,four,6
650,829,634,694,602,four,6
650,829,634,694,602,four,6
650,829,634,694,602,four,6
650,829,634,694,601,four,6
650,829,634,694,601,four,6
650,829,634,694,601,four,6
650,829,634,694,601,four,6
649,829,634,694,601,four,6
649,829,634,694,601,four,6
650,829,634,694,601,four,6
649,829,635,694,602,four,6
649,829,634,694,600,four,6
649,830,634,694,601,four,6
649,830,634,694,601,four,6
649,829,634,694,600,four,6
649,829,634,694,600,four,6
649,829,634,693,600,four,6
649,830,633,694,599,four,6
649,829,634,693,600,four,6
650,830,634,694,598,four,6
649,830,634,694,599,four,6
650,830,635,694,599,four,6
649,829,634,694,599,four,6
650,830,635,694,599,four,6
649,830,634,694,599,four,6
650,829,634,693,599,four,6
650,830,634,694,599,four,6
650,829,634,694,599,four,6
650,829,634,694,599,four,6
650,829,634,694,599,four,6
650,830,634,694,599,four,6
649,830,634,694,599,four,6
650,830,634,694,599,four,6
650,830,634,694,599,four,6
650,829,634,694,600,four,6
650,830,634,694,600,four,6
649,830,634,694,600,four,6
650,830,634,694,601,four,6
649,830,634,694,601,four,6
650,830,634,694,601,four,6
649,830,634,694,601,four,6
650,829,634,693,601,four,6
650,830,634,694,601,four,6
650,830,634,694,601,four,6
650,830,634,694,602,four,6
650,830,634,694,602,four,6
650,830,634,694,602,four,6
650,830,634,694,601,four,6
650,830,634,694,602,four,6
650,830,634,694,602,four,6
650,830,634,694,602,four,6
650,830,634,694,601,four,6
650,830,634,694,602,four,6
650,830,634,694,602,four,6
650,830,634,694,602,four,6
650,830,634,694,602,four,6
650,830,634,694,602,four,6
649,830,634,694,602,four,6
650,830,634,694,602,four,6
650,830,634,694,602,four,6
650,831,634,694,602,four,6
650,830,634,694,602,four,6
650,829,634,694,602,four,6
649,830,634,694,602,four,6
650,829,634,694,602,four,6
650,830,633,694,602,four,6
650,830,634,694,602,four,6
650,830,634,694,601,four,6
650,830,634,695,602,four,6
651,830,635,694,602,four,6
650,831,634,695,602,four,6
650,830,634,694,602,four,6
650,830,634,694,602,four,6
650,830,634,694,602,four,6
650,830,634,694,602,four,6
650,830,634,694,602,four,6
650,830,634,694,602,four,6
650,830,634,694,602,four,6
650,830,634,694,602,four,6
650,830,634,694,602,four,6
650,830,634,694,602,four,6
650,830,634,694,601,four,6
650,830,634,694,602,four,6
650,831,634,694,602,four,6
650,831,634,694,602,four,6
650,831,634,694,602,four,6
649,831,634,693,602,four,6
649,830,635,693,602,four,6
649,831,634,694,602,four,6
650,830,635,693,601,four,6
649,832,635,692,601,four,6
649,832,634,691,601,four,6
648,832,634,692,600,four,6
647,832,634,694,600,four,6
647,831,634,694,599,four,6
646,830,634,695,598,four,6
646,829,633,695,599,four,6
646,828,632,696,598,four,6
646,828,632,696,598,four,6
646,828,632,697,597,four,6
646,827,632,697,598,four,6
646,828,632,698,598,four,6
646,828,632,698,597,five,7
646,828,632,698,598,five,7
646,828,632,699,598,five,7
646,828,632,699,597,five,7
646,829,632,699,597,five,7
646,829,632,699,597,five,7
646,829,632,699,597,five,7
646,829,632,699,596,five,7
645,828,632,699,596,five,7
645,829,631,699,595,five,7
645,829,632,699,595,five,7
645,829,631,700,594,five,7
645,829,631,699,594,five,7
646,829,632,699,594,five,7
645,829,631,700,595,five,7
646,829,632,699,595,five,7
646,829,631,700,595,five,7
645,829,631,700,596,five,7
646,829,632,700,595,five,7
646,829,631,699,595,five,7
645,829,631,700,596,five,7
646,829,632,699,596,five,7
646,829,631,699,596,five,7
646,829,631,700,596,five,7
645,829,631,699,596,five,7
646,829,631,699,597,five,7
646,829,632,700,597,five,7
647,829,631,700,597,five,7
647,829,632,699,598,five,7
647,829,632,700,599,five,7
646,829,631,699,598,five,7
646,829,631,700,598,five,7
646,829,631,700,598,five,7
647,828,631,699,599,five,7
647,829,632,700,599,five,7
646,828,631,699,598,five,7
647,829,631,700,598,five,7
646,829,631,699,599,five,7
647,829,632,699,598,five,7
646,830,631,700,598,five,7
647,829,632,700,598,five,7
646,829,631,700,598,five,7
647,829,632,700,599,five,7
646,829,631,700,598,five,7
646,829,631,699,599,five,7
647,829,631,700,598,five,7
646,829,631,699,598,five,7
647,829,631,699,599,five,7
647,829,631,699,599,five,7
647,830,631,699,600,five,7
647,829,631,700,601,five,7
647,829,632,699,602,five,7
648,829,631,699,602,five,7
648,829,632,699,603,five,7
648,829,631,700,603,five,7
649,829,632,699,604,five,7
649,829,632,699,604,five,7
649,829,631,700,605,five,7
649,828,632,699,605,five,7
649,829,631,699,605,five,7
650,828,632,699,606,five,7
650,829,631,700,606,five,7
650,829,632,699,607,five,7
651,829,633,700,607,five,7
651,829,632,700,608,five,7
651,829,632,700,610,five,7
651,830,632,699,610,five,7
651,829,632,699,612,five,7
652,829,632,700,612,five,7
653,829,632,699,613,five,7
654,828,632,700,613,five,7
654,829,632,700,613,five,7
654,829,633,699,613,five,7
654,829,632,700,613,five,7
655,829,633,700,613,five,7
654,829,632,700,613,five,7
654,829,632,700,613,five,7
654,829,633,700,613,five,7
654,828,632,700,613,five,7
654,829,633,699,613,five,7
653,829,632,700,613,five,7
653,828,633,699,613,five,7
652,829,632,700,614,five,7
653,828,632,700,613,five,7
654,829,632,700,613,five,7
653,829,632,699,613,five,7
653,829,632,700,612,five,7
652,830,632,700,613,five,7
653,829,633,700,613,five,7
651,829,632,700,613,five,7
650,829,632,700,612,five,7
651,829,632,700,612,five,7
651,829,632,699,612,five,7
651,829,632,700,612,five,7
650,829,632,700,610,five,7
650,829,632,699,611,five,7
650,829,632,699,611,five,7
650,828,632,699,610,five,7
649,829,632,699,610,five,7
650,829,632,699,611,five,7
650,829,632,699,611,five,7
650,829,632,700,610,five,7
650,829,632,700,611,five,7
650,828,632,699,609,five,7
648,829,632,699,608,five,7
648,829,632,699,607,five,7
647,827,632,700,605,five,7
647,828,632,700,605,five,7
646,828,632,699,605,five,7
646,829,632,699,604,five,7
646,828,632,699,605,five,7
647,828,632,699,605,five,7
646,829,632,699,605,five,7
646,828,632,699,605,five,7
646,828,632,700,605,five,7
646,828,631,699,605,five,7
647,829,632,699,605,five,7
646,829,632,699,605,five,7
646,828,632,699,605,five,7
646,829,632,699,605,five,7
646,829,632,699,605,five,7
647,829,632,699,604,five,7
649,828,632,699,606,five,7
651,829,632,699,609,five,7
652,828,632,699,611,five,7
654,829,632,699,613,five,7
655,829,632,699,614,five,7
655,829,632,699,614,five,7
655,829,632,699,615,five,7
655,828,632,699,615,five,7
655,828,631,700,614,five,7
656,828,632,699,615,five,7
656,829,632,699,614,five,7
656,828,632,699,615,five,7
656,829,632,699,614,five,7
656,829,632,699,614,five,7
657,829,633,699,615,five,7
656,829,632,700,614,five,7
656,829,632,699,615,five,7
656,829,632,699,614,five,7
656,829,632,699,615,five,7
656,829,632,699,614,five,7
655,828,631,699,614,five,7
656,828,632,699,614,five,7
656,828,632,699,614,five,7
656,828,632,699,614,five,7
656,829,631,699,613,five,7
656,828,632,699,615,five,7
656,829,632,699,614,five,7
656,829,632,699,614,five,7
656,829,632,699,614,five,7
656,829,632,699,614,five,7
656,829,632,699,614,five,7
655,829,631,699,614,five,7
656,828,632,699,614,five,7
655,829,631,699,614,five,7
656,828,632,699,614,five,7
656,829,631,699,614,five,7
656,829,632,699,614,five,7
657,829,632,699,614,five,7
656,830,632,699,614,five,7
656,829,632,699,615,five,7
656,829,632,700,614,five,7
656,829,632,699,614,five,7
656,829,632,699,614,five,7
656,829,632,699,615,five,7
656,829,632,699,614,five,7
656,829,631,699,614,five,7
656,829,632,699,614,five,7
655,829,631,699,614,five,7
656,829,632,699,614,five,7
656,829,632,699,614,five,7
656,829,632,699,614,five,7
656,829,631,699,613,five,7
656,829,632,699,614,five,7
655,829,632,699,613,five,7
655,828,632,699,613,five,7
656,828,632,699,613,five,7
655,829,631,699,612,five,7
655,828,631,699,612,five,7
655,829,632,699,612,five,7
655,828,632,698,612,five,7
656,828,632,699,611,five,7
655,829,632,699,611,five,7
655,829,632,699,611,five,7
654,829,632,699,610,five,7
655,828,632,699,610,five,7
654,828,631,699,608,five,7
654,829,631,699,608,five,7
653,828,631,699,606,five,7
653,828,631,699,605,five,7
653,828,631,698,605,five,7
651,828,630,699,603,five,7
650,828,631,699,600,five,7
650,828,630,699,599,five,7
650,829,631,699,599,five,7
650,828,631,698,599,five,7
650,828,631,698,599,five,7
650,828,631,699,600,five,7
648,828,630,698,599,five,7
647,828,631,699,598,five,7
646,828,630,699,597,five,7
647,828,630,699,597,five,7
646,828,630,699,597,five,7
647,827,631,698,597,five,7
647,828,630,699,597,five,7
647,828,631,698,597,five,7
648,828,631,699,597,five,7
647,829,631,699,597,five,7
648,828,631,699,597,five,7
648,829,630,699,597,five,7
648,828,631,699,597,five,7
648,828,631,699,597,five,7
648,828,630,699,596,five,7
649,828,631,699,596,five,7
649,828,630,699,595,five,7
649,828,631,699,595,five,7
649,828,630,699,594,five,7
650,828,630,699,594,five,7
650,829,630,699,593,five,7
650,828,630,699,592,five,7
650,828,630,699,592,five,7
650,829,631,699,592,five,7
650,828,631,700,591,five,7
650,827,630,700,590,five,7
650,826,630,700,589,five,7
649,826,630,699,588,five,7
650,824,629,698,587,five,7
649,823,626,697,585,five,7
648,821,624,693,584,five,7
649,818,620,687,583,five,7
648,816,617,680,583,five,7
648,812,615,675,583,five,7
648,811,613,672,583,five,7
648,810,613,669,583,five,7
648,810,612,668,582,five,7
647,810,612,666,582,five,7
648,810,612,665,583,five,7
648,810,613,666,585,five,7
649,810,613,665,586,five,7
649,811,614,666,588,five,7
650,811,615,666,590,five,7
650,811,615,666,592,five,7
651,812,615,666,595,five,7
651,811,615,666,597,five,7
651,812,616,666,599,five,7
652,813,616,666,601,five,7
651,813,616,666,604,five,7
652,813,616,667,605,five,7
651,813,616,667,606,five,7
652,812,617,667,607,five,7
651,813,616,668,607,five,7
651,812,617,666,608,five,7
652,813,617,667,609,five,7
652,814,617,667,609,five,7
650,813,617,668,608,five,7
650,813,617,669,609,five,7
650,813,617,668,609,five,7
649,813,617,668,609,five,7
649,813,618,669,608,five,7
648,813,617,669,609,five,7
648,813,617,669,609,five,7
648,814,618,670,608,five,7
647,813,618,670,608,five,7
647,814,618,670,608,five,7
646,814,618,670,607,five,7
646,814,618,670,607,five,7
645,814,618,670,607,five,7
645,813,618,670,606,five,7
644,814,618,671,606,five,7
644,814,618,671,605,five,7
643,814,618,671,604,five,7
642,813,618,671,604,five,7
642,814,618,671,604,five,7
641,814,617,671,602,five,7
641,813,618,671,601,five,7
640,813,617,671,600,five,7
640,814,618,671,601,five,7
640,814,618,671,600,five,7
639,814,618,672,599,five,7
639,814,619,672,599,five,7
638,814,618,672,598,five,7
638,814,617,672,597,five,7
637,814,618,672,597,five,7
637,814,618,672,597,five,7
636,814,618,672,596,five,7
636,814,618,672,596,five,7
636,814,618,672,595,five,7
635,814,618,672,595,five,7
635,814,618,672,595,five,7
635,814,618,672,594,five,7
635,814,618,672,594,five,7
635,815,618,672,594,five,7
635,815,618,672,594,five,7
635,814,619,672,593,five,7
634,814,618,672,593,five,7
633,815,618,672,592,five,7
633,815,618,672,592,five,7
633,813,618,672,591,five,7
633,814,619,672,590,five,7
633,814,618,672,589,five,7
632,815,618,672,588,five,7
632,815,618,672,587,five,7
632,814,618,672,586,five,7
632,815,618,673,586,five,7
632,815,619,673,586,five,7
631,816,618,674,585,five,7
631,815,618,673,584,five,7
632,816,618,673,584,five,7
631,815,618,673,584,five,7
631,815,619,673,584,five,7
631,816,619,673,584,five,7
631,815,618,673,584,five,7
631,816,618,674,584,five,7
631,815,618,673,584,five,7
631,815,618,673,585,five,7
631,815,618,674,585,five,7
631,815,618,674,586,five,7
632,815,619,674,586,five,7
632,815,619,674,586,five,7
631,815,618,674,586,five,7
631,815,619,674,586,five,7
631,815,618,674,586,five,7
632,814,618,673,586,five,7
632,815,618,674,586,five,7
632,815,619,673,586,five,7
632,816,618,674,586,five,7
632,816,619,674,586,five,7
631,816,619,674,586,five,7
632,817,619,675,586,five,7
632,815,619,674,586,five,7
632,816,619,674,586,five,7
632,816,619,674,586,five,7
631,815,619,674,586,five,7
631,816,619,674,585,five,7
632,815,619,674,585,five,7
631,815,618,674,585,five,7
631,816,619,674,585,five,7
631,815,619,674,584,five,7
631,815,619,674,584,five,7
631,816,619,674,584,five,7
631,816,619,674,583,five,7
631,815,619,675,583,five,7
630,815,619,675,583,five,7
630,816,619,675,582,five,7
631,816,619,675,582,five,7
630,815,619,674,582,five,7
630,815,619,674,581,five,7
630,815,619,674,582,five,7
631,816,619,675,582,five,7
630,816,619,675,582,five,7
631,816,620,675,582,five,7
631,816,619,675,583,five,7
631,816,620,675,584,five,7
631,816,619,675,584,five,7
632,816,619,676,585,five,7
632,816,619,676,587,five,7
633,816,620,675,588,five,7
633,816,619,675,589,five,7
634,816,619,675,591,five,7
635,816,619,675,593,five,7
636,816,620,675,594,five,7
636,816,619,676,595,five,7
637,817,620,675,597,five,7
638,816,620,675,598,five,7
639,816,620,675,599,five,7
639,816,620,675,600,five,7
640,816,620,675,601,five,7
642,816,620,676,602,five,7
642,816,620,676,603,five,7
642,816,620,675,603,five,7
644,815,620,675,604,five,7
644,816,620,676,605,five,7
644,816,620,675,605,five,7
645,816,620,676,605,five,7
646,817,620,676,606,five,7
646,817,621,677,607,five,7
646,817,620,678,607,five,7
646,818,621,677,608,five,7
646,817,620,677,608,five,7
646,817,620,677,607,five,7
646,817,620,678,607,five,7
