delta Time, Unix Time, pr1, pr2, pr3, pr4, pr5, label
2.44995999336,1580261690.23,400,851,493,618,198,extend,
2.45113515854,1580261690.23,402,852,494,617,198,extend,
2.45222997665,1580261690.23,402,852,495,618,197,extend,
2.45282912254,1580261690.23,403,852,494,620,195,extend,
2.45329499245,1580261690.23,401,853,493,622,197,extend,
2.45420598984,1580261690.23,400,851,493,618,198,extend,
2.45469808578,1580261690.23,402,852,494,617,198,extend,
2.45518398285,1580261690.23,402,852,495,618,197,extend,
2.45567202568,1580261690.23,403,852,494,620,195,extend,
2.45615506172,1580261690.23,401,853,493,622,197,extend,
2.45735216141,1580261690.24,405,862,503,652,200,extend,
2.45785403252,1580261690.24,405,862,503,652,200,extend,
2.45833015442,1580261690.24,404,862,502,651,196,extend,
2.45885109901,1580261690.24,406,862,503,653,198,extend,
2.45960307121,1580261690.24,403,863,503,652,199,extend,
2.46020317078,1580261690.24,404,862,506,652,200,extend,
2.46072602272,1580261690.24,405,863,508,653,200,extend,
2.46121001244,1580261690.24,404,863,510,652,201,extend,
2.46168613434,1580261690.24,405,863,510,650,199,extend,
2.46213698387,1580261690.24,405,863,510,650,199,extend,
2.4625890255,1580261690.24,406,862,510,651,200,extend,
2.46305799484,1580261690.24,406,861,510,649,200,extend,
2.46355009079,1580261690.24,405,860,508,648,200,extend,
2.46402001381,1580261690.24,407,859,508,649,201,extend,
2.46448802948,1580261690.24,407,860,506,649,202,extend,
2.46495914459,1580261690.24,408,859,504,646,203,extend,
2.46543002129,1580261690.24,408,860,499,646,200,extend,
2.46593618393,1580261690.24,409,858,499,644,203,extend,
2.46641397476,1580261690.24,411,858,498,645,205,extend,
2.46688508987,1580261690.25,411,858,497,644,203,extend,
2.46735715866,1580261690.25,411,856,496,641,206,extend,
2.46784305573,1580261690.25,414,857,493,641,208,extend,
2.46815514565,1580261690.25,414,856,493,639,210,extend,
2.46846699715,1580261690.25,415,854,493,639,209,extend,
2.46878004074,1580261690.25,413,855,494,635,209,extend,
2.46908998489,1580261690.25,415,854,493,635,209,extend,
2.4693980217,1580261690.25,416,855,493,637,210,extend,
2.46972513199,1580261690.25,413,854,491,635,208,extend,
2.47003412247,1580261690.25,415,854,492,634,209,extend,
2.47034311295,1580261690.25,414,854,493,636,210,extend,
2.47065019608,1580261690.25,416,854,494,636,211,extend,
2.4709610939,1580261690.25,415,852,491,635,207,extend,
2.47127008438,1580261690.25,414,854,493,634,208,extend,
2.47158002853,1580261690.25,416,854,495,634,209,extend,
2.47188901901,1580261690.25,416,854,494,635,210,extend,
2.47220206261,1580261690.25,416,853,495,633,207,extend,
2.47251415253,1580261690.25,414,854,496,632,207,extend,
2.4968931675,1580261690.28,415,853,496,633,209,extend,
2.51726913452,1580261690.3,415,853,496,633,209,extend,
2.54220604897,1580261690.32,415,853,497,632,207,extend,
2.56647205353,1580261690.34,414,852,496,629,207,extend,
2.58696818352,1580261690.37,416,852,496,631,207,extend,
2.61148715019,1580261690.39,414,852,496,630,207,extend,
2.63200306892,1580261690.41,414,850,495,630,206,extend,
2.65688419342,1580261690.44,412,852,495,630,207,extend,
2.67716813087,1580261690.46,415,851,494,629,208,extend,
2.70189213753,1580261690.48,416,852,495,631,207,extend,
2.72614097595,1580261690.5,415,852,494,630,205,extend,
2.74676418304,1580261690.53,414,852,497,629,207,extend,
2.7716729641,1580261690.55,415,852,495,632,208,extend,
2.79189515114,1580261690.57,414,852,496,631,209,extend,
2.81643819809,1580261690.59,412,851,496,629,206,extend,
2.84127306938,1580261690.62,414,852,494,631,207,extend,
2.86163496971,1580261690.64,416,852,496,630,209,extend,
2.88597917557,1580261690.66,416,852,493,632,208,extend,
2.90669107437,1580261690.68,414,852,494,631,206,extend,
2.93130803108,1580261690.71,415,853,496,631,205,extend,
2.95579099655,1580261690.73,414,853,494,632,206,extend,
2.97625207901,1580261690.75,416,849,493,627,207,extend,
3.00100398064,1580261690.78,413,852,494,614,205,extend,
3.02136111259,1580261690.8,413,849,487,598,201,extend,
3.0457470417,1580261690.82,414,843,480,568,203,extend,
3.06629896164,1580261690.84,410,836,469,539,199,extend,
3.09071803093,1580261690.87,411,829,453,504,198,extend,
3.11524701118,1580261690.89,414,816,445,477,199,extend,
3.13600301743,1580261690.91,412,813,436,457,195,extend,
3.16045498848,1580261690.94,410,812,429,436,195,extend,
3.18108296394,1580261690.96,411,815,429,423,193,extend,
3.2055990696,1580261690.98,413,816,421,417,190,extend,
3.23002505302,1580261691.01,414,818,418,410,194,extend,
3.25062417984,1580261691.03,415,819,416,410,191,extend,
3.27511000633,1580261691.05,417,821,417,390,192,extend,
3.2956931591,1580261691.07,415,822,411,406,188,extend,
3.32017612457,1580261691.1,416,821,411,402,190,extend,
3.34472298622,1580261691.12,414,823,405,401,189,extend,
3.36550402641,1580261691.14,417,820,413,389,192,extend,
3.3899769783,1580261691.17,417,824,410,397,191,extend,
3.41040611267,1580261691.19,417,824,408,400,193,extend,
3.43517613411,1580261691.21,417,822,410,397,192,extend,
3.45575118065,1580261691.23,416,824,407,405,190,extend,
3.47997713089,1580261691.26,417,825,410,396,191,extend,
3.50476908684,1580261691.28,418,823,409,397,192,extend,
3.52528619766,1580261691.3,418,826,402,397,193,extend,
3.54955601692,1580261691.33,418,828,412,396,191,extend,
3.57014799118,1580261691.35,417,827,408,390,190,extend,
3.59471607208,1580261691.37,416,828,409,400,190,extend,
3.6193549633,1580261691.4,415,827,413,383,192,extend,
3.64004015923,1580261691.42,416,828,408,384,190,extend,
3.66456007957,1580261691.44,415,830,409,394,188,extend,
3.6849861145,1580261691.46,418,828,410,396,191,extend,
3.70935297012,1580261691.49,415,828,412,387,190,extend,
3.73398804665,1580261691.51,418,828,410,396,188,extend,
3.75449204445,1580261691.53,417,827,410,397,190,extend,
3.77897500992,1580261691.56,414,828,410,396,192,extend,
3.79976606369,1580261691.58,413,829,411,400,188,extend,
3.82441496849,1580261691.6,417,826,409,388,190,extend,
3.84471416473,1580261691.62,415,829,410,397,192,extend,
3.86915516853,1580261691.65,416,828,410,397,192,extend,
3.8937060833,1580261691.67,418,825,410,401,186,extend,
3.91417813301,1580261691.69,414,827,410,389,191,extend,
3.93882012367,1580261691.72,416,828,408,397,190,extend,
3.95942401886,1580261691.74,417,826,412,397,192,extend,
3.98374915123,1580261691.76,416,827,410,398,190,extend,
4.00831198692,1580261691.79,419,827,411,399,186,extend,
4.02895498276,1580261691.81,418,828,412,409,191,extend,
4.05366206169,1580261691.83,416,827,411,408,191,extend,
4.07405996323,1580261691.85,413,826,416,402,187,extend,
4.09844303131,1580261691.88,415,828,410,409,189,extend,
4.12310409546,1580261691.9,416,827,409,407,189,extend,
4.14345002174,1580261691.92,416,823,412,406,191,extend,
4.16799211502,1580261691.95,415,827,416,407,191,extend,
4.18860006332,1580261691.97,417,823,413,401,189,extend,
4.21309518814,1580261691.99,418,827,414,406,191,extend,
4.23413705826,1580261692.01,416,826,414,411,190,extend,
4.25829815865,1580261692.04,415,825,414,416,187,extend,
4.28283905983,1580261692.06,417,826,416,412,186,extend,
4.30329298973,1580261692.08,415,825,413,414,189,extend,
4.32775497437,1580261692.11,417,826,414,405,190,extend,
4.34832310677,1580261692.13,416,827,416,413,192,extend,
4.37284803391,1580261692.15,416,827,414,402,192,extend,
4.39745306969,1580261692.18,414,827,413,415,192,extend,
4.41812515259,1580261692.2,416,825,413,414,191,extend,
4.4425740242,1580261692.22,417,828,415,411,192,extend,
4.46313619614,1580261692.24,416,827,414,409,189,extend,
4.48784303665,1580261692.27,416,830,411,408,190,extend,
4.51212906837,1580261692.29,415,829,411,409,190,extend,
4.53276801109,1580261692.31,414,826,413,396,189,extend,
4.55721712112,1580261692.34,416,830,409,415,190,extend,
4.57783412933,1580261692.36,416,828,411,411,191,extend,
4.6024980545,1580261692.38,412,828,411,407,190,extend,
4.62288808823,1580261692.4,416,831,412,400,189,extend,
4.64738702774,1580261692.43,417,829,411,399,187,extend,
4.67175316811,1580261692.45,415,830,411,409,188,extend,
4.69241404533,1580261692.47,417,826,410,409,189,extend,
4.71710419655,1580261692.5,412,829,405,402,190,extend,
4.73734402657,1580261692.52,415,828,407,405,190,extend,
4.76201796532,1580261692.54,416,827,409,408,190,extend,
4.78689002991,1580261692.57,412,828,413,399,190,extend,
4.80712819099,1580261692.59,417,829,414,393,186,extend,
4.83174419403,1580261692.61,414,829,415,417,190,extend,
4.85227608681,1580261692.63,416,827,410,408,189,extend,
4.87666511536,1580261692.65,415,829,410,417,187,extend,
4.90113997459,1580261692.68,416,825,413,415,185,extend,
4.92178106308,1580261692.7,414,827,411,408,190,extend,
4.94635105133,1580261692.72,417,827,414,411,191,extend,
4.96681499481,1580261692.75,412,826,414,401,190,extend,
4.99131298065,1580261692.77,416,826,414,401,189,extend,
5.01216602325,1580261692.79,416,823,417,411,190,extend,
5.0365960598,1580261692.81,417,826,414,413,190,extend,
5.06096100807,1580261692.84,417,822,413,419,191,extend,
5.08159708977,1580261692.86,412,826,413,407,185,extend,
5.10612797737,1580261692.88,413,826,412,407,191,extend,
5.12712311745,1580261692.91,416,826,414,414,191,extend,
5.15120911598,1580261692.93,416,822,413,419,189,extend,
5.17573809624,1580261692.95,410,825,415,405,190,extend,
5.19630813599,1580261692.97,417,826,411,418,188,extend,
5.22079205513,1580261693.0,416,825,413,417,190,extend,
5.24138402939,1580261693.02,413,825,407,416,190,extend,
5.26587510109,1580261693.04,414,826,413,416,188,extend,
5.29053711891,1580261693.07,415,825,412,416,190,extend,
5.31122899055,1580261693.09,414,824,410,420,190,extend,
5.33558011055,1580261693.11,414,821,413,421,190,extend,
5.35606408119,1580261693.13,415,820,415,418,190,extend,
5.38077616692,1580261693.16,416,824,415,427,191,extend,
5.40123701096,1580261693.18,415,823,412,423,190,extend,
5.42568516731,1580261693.2,412,822,413,423,190,extend,
5.45016717911,1580261693.23,415,819,417,425,188,extend,
5.47075605392,1580261693.25,415,822,414,424,191,extend,
5.49534010887,1580261693.27,415,824,411,425,192,extend,
5.51589918137,1580261693.29,414,822,416,427,191,extend,
5.54066205025,1580261693.32,414,821,418,435,189,extend,
5.5648431778,1580261693.34,415,822,415,428,191,extend,
5.58576512337,1580261693.36,415,821,414,428,191,extend,
5.61002397537,1580261693.39,415,823,415,433,186,extend,
5.63056612015,1580261693.41,414,819,411,423,187,extend,
5.65529918671,1580261693.43,416,822,417,429,191,extend,
5.67953300476,1580261693.46,415,822,416,433,191,extend,
5.70025205612,1580261693.48,413,823,412,428,191,extend,
5.72470903397,1580261693.5,412,820,415,431,186,extend,
5.74533104897,1580261693.52,416,823,417,426,193,extend,
5.77009916306,1580261693.55,415,822,413,431,192,extend,
5.79026699066,1580261693.57,414,824,410,430,190,extend,
5.81474208832,1580261693.59,412,820,412,430,190,extend,
5.83955216408,1580261693.62,416,822,416,429,190,extend,
5.85992908478,1580261693.64,416,821,416,436,190,extend,
5.88439202309,1580261693.66,413,823,420,424,191,extend,
5.90520119667,1580261693.68,413,822,420,437,190,extend,
5.92958498001,1580261693.71,415,825,417,434,192,extend,
5.95420503616,1580261693.73,415,822,418,435,190,extend,
5.97465610504,1580261693.75,410,824,422,429,191,extend,
5.99943208694,1580261693.78,411,824,425,442,191,extend,
6.01982116699,1580261693.8,412,826,422,447,190,extend,
6.04425811768,1580261693.82,414,827,427,458,192,extend,
6.06870818138,1580261693.85,412,830,424,467,192,extend,
6.08967399597,1580261693.87,409,829,434,479,190,extend,
6.11381006241,1580261693.89,413,830,437,493,192,extend,
6.13463306427,1580261693.91,413,831,442,502,193,extend,
6.1592271328,1580261693.94,412,831,447,524,191,extend,
6.17966914177,1580261693.96,409,835,457,541,192,extend,
6.20397114754,1580261693.98,408,841,461,560,195,extend,
6.22851109505,1580261694.01,408,845,467,579,192,extend,
6.24898219109,1580261694.03,406,849,474,585,194,extend,
6.27358317375,1580261694.05,408,850,476,600,195,extend,
6.29414200783,1580261694.07,410,853,483,611,198,extend,
6.31857299805,1580261694.1,405,857,485,617,198,extend,
6.34320807457,1580261694.12,409,858,485,620,201,extend,
6.3637881279,1580261694.14,410,860,493,625,202,extend,
6.38853502274,1580261694.17,409,861,492,628,201,extend,
6.40891218185,1580261694.19,412,863,495,632,201,extend,
6.43348312378,1580261694.21,410,862,495,633,200,extend,
6.45818710327,1580261694.24,410,863,494,635,198,extend,
6.47841119766,1580261694.26,410,865,493,639,203,extend,
6.50317907333,1580261694.28,411,866,496,642,202,extend,
6.52376413345,1580261694.3,414,867,493,641,203,extend,
6.54802012444,1580261694.33,411,867,498,641,204,extend,
6.56892704964,1580261694.35,412,865,495,647,204,extend,
6.59358596802,1580261694.37,413,868,498,648,203,extend,
6.61758804321,1580261694.4,412,868,497,647,204,extend,
6.63816809654,1580261694.42,412,869,496,650,201,extend,
6.66272711754,1580261694.44,411,870,497,652,203,extend,
6.68370914459,1580261694.46,413,870,497,652,201,extend,
6.70813107491,1580261694.49,412,871,498,650,203,extend,
6.7326259613,1580261694.51,412,869,497,648,207,extend,
6.75296115875,1580261694.53,412,870,497,650,204,extend,
6.77762103081,1580261694.56,413,871,497,647,203,extend,
6.79801607132,1580261694.58,411,871,500,652,204,extend,
6.82275915146,1580261694.6,412,870,495,651,204,extend,
6.84709405899,1580261694.63,411,870,494,651,205,extend,
6.86786198616,1580261694.65,412,867,497,652,202,extend,
6.89250016212,1580261694.67,409,867,496,650,204,extend,
6.91270208359,1580261694.69,411,866,499,649,204,extend,
6.93736100197,1580261694.72,412,870,496,650,204,extend,
6.95772004128,1580261694.74,411,870,496,649,204,extend,
6.98225998878,1580261694.76,413,869,500,649,200,extend,
7.00701808929,1580261694.79,411,869,499,649,200,extend,
7.0274810791,1580261694.81,411,869,500,652,203,extend,
7.05185103416,1580261694.83,410,870,498,651,203,extend,
7.07250213623,1580261694.85,409,871,500,651,203,extend,
7.09711098671,1580261694.88,411,868,500,651,202,extend,
7.12137913704,1580261694.9,411,869,498,652,204,extend,
7.14207410812,1580261694.92,409,871,500,647,202,extend,
7.16673016548,1580261694.95,412,869,499,651,203,extend,
7.18706798553,1580261694.97,409,869,499,649,203,extend,
7.21160697937,1580261694.99,410,869,499,650,204,extend,
7.23653507233,1580261695.01,411,872,501,648,203,extend,
7.2567050457,1580261695.03,406,869,496,649,203,extend,
7.28122019768,1580261695.06,413,870,500,651,202,extend,
7.30206799507,1580261695.08,410,870,499,652,203,extend,
7.32642602921,1580261695.1,410,870,499,651,200,extend,
7.34682703018,1580261695.13,410,869,499,651,204,extend,
7.37178206444,1580261695.15,409,869,498,651,204,extend,
7.39593410492,1580261695.17,409,869,498,651,203,extend,
7.41649103165,1580261695.19,411,870,501,646,202,extend,
7.44109296799,1580261695.22,408,869,499,649,200,extend,
7.46165800095,1580261695.24,410,870,499,651,204,extend,
9.47303009033,1580261697.25,410,870,498,651,204,fist,
9.47361302376,1580261697.25,409,865,499,647,203,fist,
9.47407412529,1580261697.25,410,870,501,650,202,fist,
9.47459316254,1580261697.25,410,868,499,649,204,fist,
9.47506213188,1580261697.25,409,869,497,650,203,fist,
9.47552514076,1580261697.25,409,870,500,648,203,fist,
9.47601914406,1580261697.25,410,868,500,649,201,fist,
9.47655105591,1580261697.25,411,869,499,651,205,fist,
9.47737503052,1580261697.26,410,870,500,648,204,fist,
9.47793006897,1580261697.26,410,870,502,647,203,fist,
9.47842907906,1580261697.26,413,870,499,648,201,fist,
9.47891712189,1580261697.26,410,870,497,649,201,fist,
9.47940397263,1580261697.26,408,869,499,649,203,fist,
9.47988700867,1580261697.26,409,869,499,650,199,fist,
9.48037314415,1580261697.26,408,869,498,649,204,fist,
9.48088812828,1580261697.26,410,869,497,650,204,fist,
9.48187112808,1580261697.26,410,869,497,649,203,fist,
9.48243999481,1580261697.26,407,868,497,648,202,fist,
9.48292803764,1580261697.26,413,869,500,649,202,fist,
9.48340415955,1580261697.26,411,868,498,650,202,fist,
9.4838821888,1580261697.26,409,870,500,649,201,fist,
9.48435616493,1580261697.26,407,869,501,648,202,fist,
9.48485708237,1580261697.26,409,869,499,648,202,fist,
9.48533010483,1580261697.26,410,869,501,647,205,fist,
9.4858481884,1580261697.26,410,870,501,651,200,fist,
9.48632597923,1580261697.26,406,869,500,649,200,fist,
9.48680496216,1580261697.27,411,870,501,649,203,fist,
9.48730707169,1580261697.27,409,869,501,650,204,fist,
9.4877550602,1580261697.27,408,870,500,649,204,fist,
9.48826599121,1580261697.27,410,869,501,647,201,fist,
9.4888420105,1580261697.27,407,869,499,648,200,fist,
9.48937416077,1580261697.27,410,868,501,649,205,fist,
9.4898891449,1580261697.27,409,868,502,649,204,fist,
9.49037718773,1580261697.27,408,866,500,646,200,fist,
9.49086213112,1580261697.27,410,869,502,649,203,fist,
9.49141597748,1580261697.27,409,869,500,650,204,fist,
9.49196505547,1580261697.27,409,870,497,648,204,fist,
9.49247908592,1580261697.27,408,869,503,648,202,fist,
9.4930369854,1580261697.27,409,868,501,648,204,fist,
9.49378418922,1580261697.27,409,868,500,648,203,fist,
9.49435400963,1580261697.27,408,867,500,647,203,fist,
9.49483919144,1580261697.27,405,868,498,648,202,fist,
9.49531316757,1580261697.27,408,869,502,648,204,fist,
9.49578309059,1580261697.27,410,869,500,648,202,fist,
9.49625611305,1580261697.27,405,868,497,647,202,fist,
9.49672818184,1580261697.28,406,868,498,647,199,fist,
9.49722599983,1580261697.28,408,867,498,647,202,fist,
9.49778008461,1580261697.28,408,869,494,648,202,fist,
9.49825716019,1580261697.28,408,866,499,646,202,fist,
9.49872517586,1580261697.28,409,867,498,648,202,fist,
9.49919605255,1580261697.28,409,868,499,649,203,fist,
9.49966597557,1580261697.28,409,867,499,648,202,fist,
9.50013399124,1580261697.28,409,869,499,648,199,fist,
9.50060009956,1580261697.28,409,867,499,646,201,fist,
9.5010330677,1580261697.28,408,867,498,647,203,fist,
9.50135612488,1580261697.28,408,868,497,648,203,fist,
9.50168418884,1580261697.28,407,868,495,647,199,fist,
9.50199317932,1580261697.28,408,868,500,649,202,fist,
9.50230097771,1580261697.28,409,868,498,647,203,fist,
9.50260615349,1580261697.28,409,868,497,648,202,fist,
9.5029129982,1580261697.28,407,865,497,646,202,fist,
9.50321817398,1580261697.28,409,866,500,647,202,fist,
9.50352406502,1580261697.28,408,868,498,648,203,fist,
9.50382804871,1580261697.28,409,867,498,648,203,fist,
9.50413298607,1580261697.28,408,868,498,644,203,fist,
9.50443911552,1580261697.28,408,868,498,647,202,fist,
9.50474500656,1580261697.28,409,867,498,647,205,fist,
9.50505018234,1580261697.28,408,868,496,648,203,fist,
9.50537204742,1580261697.28,408,868,495,646,203,fist,
9.5056951046,1580261697.28,408,868,497,645,201,fist,
9.50599503517,1580261697.28,409,868,497,647,202,fist,
9.5062251091,1580261697.28,407,868,498,646,203,fist,
9.50645399094,1580261697.28,407,868,497,646,201,fist,
9.50668215752,1580261697.28,407,867,498,647,202,fist,
9.5069270134,1580261697.29,408,867,500,646,205,fist,
9.50717496872,1580261697.29,407,868,499,647,201,fist,
9.50740218163,1580261697.29,407,868,500,642,202,fist,
9.50762701035,1580261697.29,409,868,500,644,201,fist,
9.5079331398,1580261697.29,408,868,501,646,203,fist,
9.50880002975,1580261697.29,409,867,502,645,203,fist,
9.50940513611,1580261697.29,407,866,502,646,200,fist,
9.51024103165,1580261697.29,407,867,502,644,203,fist,
9.51099014282,1580261697.29,409,867,502,646,204,fist,
9.51169013977,1580261697.29,408,867,502,644,203,fist,
9.51215410233,1580261697.29,408,866,503,643,201,fist,
9.5124900341,1580261697.29,408,867,503,644,203,fist,
9.51284909248,1580261697.29,409,866,502,645,204,fist,
9.51318407059,1580261697.29,408,865,503,644,203,fist,
9.5136141777,1580261697.29,406,867,501,644,202,fist,
9.52199816704,1580261697.3,408,865,501,645,202,fist,
9.54633712769,1580261697.32,408,867,501,646,203,fist,
9.5710940361,1580261697.35,409,865,502,647,204,fist,
9.5919251442,1580261697.37,406,868,499,645,201,fist,
9.61605906487,1580261697.39,408,868,499,646,202,fist,
9.63672113419,1580261697.42,409,868,496,646,204,fist,
9.6638109684,1580261697.44,409,870,494,644,203,fist,
9.68662500381,1580261697.46,408,870,487,638,200,fist,
9.70634913445,1580261697.48,409,871,484,635,201,fist,
9.73063397408,1580261697.51,408,872,481,629,202,fist,
9.75146603584,1580261697.53,410,872,480,620,198,fist,
9.77608013153,1580261697.55,410,873,476,611,199,fist,
9.79631114006,1580261697.57,410,872,475,609,200,fist,
9.82095599174,1580261697.6,411,873,476,607,201,fist,
9.84544897079,1580261697.62,410,874,479,604,200,fist,
9.86604499817,1580261697.64,409,872,480,601,200,fist,
9.89054703712,1580261697.67,410,873,480,601,200,fist,
9.91115307808,1580261697.69,410,874,481,602,201,fist,
9.93567013741,1580261697.71,411,874,480,604,199,fist,
9.96030402184,1580261697.74,410,873,472,601,197,fist,
9.98116397858,1580261697.76,415,868,468,597,201,fist,
10.0055780411,1580261697.78,416,861,457,595,202,fist,
10.0257411003,1580261697.8,416,853,453,594,203,fist,
10.0503790379,1580261697.83,417,844,457,595,202,fist,
10.0748779774,1580261697.85,418,838,460,599,202,fist,
10.0954401493,1580261697.87,419,833,461,602,205,fist,
10.1198790073,1580261697.9,417,830,459,601,205,fist,
10.1409010887,1580261697.92,419,827,454,602,204,fist,
10.1650290489,1580261697.94,421,826,455,603,206,fist,
10.1855020523,1580261697.96,420,825,455,604,205,fist,
10.2102940083,1580261697.99,421,822,457,600,203,fist,
10.2348129749,1580261698.01,420,822,457,599,203,fist,
10.2551870346,1580261698.03,421,823,456,598,204,fist,
10.2797780037,1580261698.06,422,822,458,597,206,fist,
10.3003041744,1580261698.08,421,822,456,596,204,fist,
10.3250181675,1580261698.1,422,821,456,595,203,fist,
10.34928298,1580261698.13,422,822,458,595,204,fist,
10.3700580597,1580261698.15,422,821,458,597,205,fist,
10.3944580555,1580261698.17,421,820,459,597,204,fist,
10.4148921967,1580261698.19,421,820,458,596,203,fist,
10.4396560192,1580261698.22,422,820,458,599,204,fist,
10.4640040398,1580261698.24,422,820,459,600,205,fist,
10.4844939709,1580261698.26,419,820,459,598,204,fist,
10.509428978,1580261698.29,420,820,461,597,204,fist,
10.5297031403,1580261698.31,423,820,459,599,204,fist,
10.5541450977,1580261698.33,422,820,460,598,205,fist,
10.5749740601,1580261698.35,423,822,460,598,202,fist,
10.5995900631,1580261698.38,422,822,461,597,205,fist,
10.6240479946,1580261698.4,422,822,462,597,206,fist,
10.6442949772,1580261698.42,422,822,462,597,205,fist,
10.6692051888,1580261698.45,421,822,462,597,203,fist,
10.6897981167,1580261698.47,421,823,461,597,204,fist,
10.7138800621,1580261698.49,423,824,462,598,205,fist,
10.7386391163,1580261698.52,422,822,462,599,205,fist,
10.7592539787,1580261698.54,422,823,462,598,204,fist,
10.7834990025,1580261698.56,421,824,462,598,203,fist,
10.8043100834,1580261698.58,422,824,462,599,205,fist,
10.8286421299,1580261698.61,421,825,461,600,204,fist,
10.8530910015,1580261698.63,421,826,463,597,205,fist,
10.8740510941,1580261698.65,422,828,463,598,203,fist,
10.8982601166,1580261698.68,422,830,465,602,206,fist,
10.9187390804,1580261698.7,423,831,465,603,205,fist,
10.9434490204,1580261698.72,419,835,465,603,205,fist,
10.9641041756,1580261698.74,421,838,463,603,207,fist,
10.9885029793,1580261698.77,422,843,461,605,206,fist,
11.0129179955,1580261698.79,422,849,460,604,206,fist,
11.0335760117,1580261698.81,422,851,458,600,205,fist,
11.0579969883,1580261698.84,422,854,455,598,205,fist,
11.07863307,1580261698.86,424,856,455,599,207,fist,
11.1033251286,1580261698.88,424,857,453,598,205,fist,
11.1276099682,1580261698.91,422,857,450,594,204,fist,
11.1481461525,1580261698.93,424,857,446,590,205,fist,
11.1730351448,1580261698.95,424,860,443,585,206,fist,
11.1932690144,1580261698.97,424,858,443,576,205,fist,
11.2179169655,1580261699.0,425,860,445,571,203,fist,
11.2423760891,1580261699.02,424,860,443,573,204,fist,
11.2630801201,1580261699.04,425,860,446,578,207,fist,
11.2872931957,1580261699.07,423,859,445,581,206,fist,
11.3079111576,1580261699.09,423,857,446,585,205,fist,
11.3327431679,1580261699.11,425,855,448,590,207,fist,
11.353094101,1580261699.13,424,856,449,593,207,fist,
11.3780601025,1580261699.16,424,855,452,593,207,fist,
11.4021670818,1580261699.18,423,852,453,593,205,fist,
11.4228451252,1580261699.2,423,850,454,596,206,fist,
11.4471580982,1580261699.23,424,849,455,598,208,fist,
11.4677240849,1580261699.25,423,849,455,599,208,fist,
11.4925830364,1580261699.27,423,846,455,597,206,fist,
11.5167200565,1580261699.29,424,848,456,599,208,fist,
11.5375680923,1580261699.32,423,848,456,600,208,fist,
11.5618550777,1580261699.34,424,846,458,600,209,fist,
11.5823709965,1580261699.36,422,846,458,599,205,fist,
11.6072921753,1580261699.39,423,845,458,600,209,fist,
11.6315779686,1580261699.41,424,845,460,603,208,fist,
11.6520431042,1580261699.43,423,845,460,601,208,fist,
11.6768050194,1580261699.46,421,845,461,600,207,fist,
11.6970460415,1580261699.48,424,845,460,602,209,fist,
11.7215750217,1580261699.5,423,845,461,602,209,fist,
11.742139101,1580261699.52,423,845,462,600,208,fist,
11.7669780254,1580261699.55,422,844,462,600,205,fist,
11.7913081646,1580261699.57,424,845,462,603,208,fist,
11.8117911816,1580261699.59,422,845,462,605,208,fist,
11.8365821838,1580261699.61,422,844,464,604,207,fist,
11.8569350243,1580261699.64,422,845,465,605,206,fist,
11.8816239834,1580261699.66,422,847,466,606,208,fist,
11.9060890675,1580261699.68,423,846,469,607,209,fist,
11.9264910221,1580261699.7,421,845,469,607,207,fist,
11.9509730339,1580261699.73,418,846,467,605,207,fist,
11.9717750549,1580261699.75,422,846,470,607,208,fist,
11.9961290359,1580261699.77,422,846,470,609,208,fist,
12.0208370686,1580261699.8,421,845,471,608,207,fist,
12.0414140224,1580261699.82,421,845,470,607,207,fist,
12.0656139851,1580261699.84,422,844,472,610,209,fist,
12.0862469673,1580261699.86,421,843,472,611,209,fist,
12.1107871532,1580261699.89,419,841,473,610,207,fist,
12.1312961578,1580261699.91,421,841,473,608,206,fist,
12.1561059952,1580261699.93,421,842,473,610,208,fist,
12.1803770065,1580261699.96,421,841,473,611,209,fist,
12.2010941505,1580261699.98,422,839,475,610,206,fist,
12.2254800797,1580261700.0,420,840,475,611,208,fist,
12.2461340427,1580261700.02,421,839,476,611,210,fist,
12.2706861496,1580261700.05,421,838,475,612,209,fist,
12.2950761318,1580261700.07,420,839,475,609,208,fist,
12.3156430721,1580261700.09,420,838,476,610,208,fist,
12.3403630257,1580261700.12,421,839,476,613,209,fist,
12.3607549667,1580261700.14,420,839,476,613,209,fist,
12.38519907,1580261700.16,418,838,477,612,208,fist,
12.4097959995,1580261700.19,420,839,478,612,209,fist,
12.4303591251,1580261700.21,421,839,478,613,210,fist,
12.4550201893,1580261700.23,419,839,477,613,208,fist,
12.4756600857,1580261700.25,418,838,479,611,207,fist,
12.4999539852,1580261700.28,421,838,479,613,206,fist,
12.5205321312,1580261700.3,421,839,479,614,209,fist,
12.5449821949,1580261700.32,420,839,480,613,210,fist,
12.5697200298,1580261700.35,420,838,478,611,205,fist,
12.5902249813,1580261700.37,419,838,477,611,209,fist,
12.6148190498,1580261700.39,420,838,478,613,208,fist,
12.6354579926,1580261700.41,420,839,479,612,209,fist,
12.6601250172,1580261700.44,419,839,479,611,207,fist,
12.6842110157,1580261700.46,420,839,480,611,209,fist,
12.7047801018,1580261700.48,420,840,479,612,209,fist,
12.7293610573,1580261700.51,419,840,479,612,209,fist,
12.7498190403,1580261700.53,418,840,480,611,208,fist,
12.774502039,1580261700.55,419,837,480,611,207,fist,
12.7988259792,1580261700.58,420,838,480,613,210,fist,
12.8194351196,1580261700.6,420,838,480,611,208,fist,
12.8440730572,1580261700.62,421,838,479,611,206,fist,
12.8645291328,1580261700.64,420,838,481,612,206,fist,
12.8894090652,1580261700.67,420,838,482,612,210,fist,
12.9101161957,1580261700.69,419,839,482,612,208,fist,
12.9342579842,1580261700.71,419,837,481,610,207,fist,
12.9586629868,1580261700.74,419,837,481,611,208,fist,
12.9792170525,1580261700.76,419,839,482,613,210,fist,
13.0037531853,1580261700.78,417,839,483,611,209,fist,
13.0245940685,1580261700.8,419,839,483,611,207,fist,
13.0487840176,1580261700.83,419,839,480,611,210,fist,
13.0733129978,1580261700.85,420,839,483,613,210,fist,
13.0938739777,1580261700.87,417,839,481,613,207,fist,
13.1184020042,1580261700.9,419,837,480,610,208,fist,
13.1392641068,1580261700.92,419,838,482,611,207,fist,
13.1635181904,1580261700.94,419,839,482,612,209,fist,
13.1881570816,1580261700.97,420,838,482,610,208,fist,
13.2086269855,1580261700.99,419,838,480,611,207,fist,
13.233479023,1580261701.01,420,838,480,611,209,fist,
13.2536280155,1580261701.03,420,838,481,612,209,fist,
13.2783269882,1580261701.06,418,837,480,611,209,fist,
13.2988781929,1580261701.08,418,838,481,610,208,fist,
13.3236031532,1580261701.1,419,838,481,612,207,fist,
13.3478391171,1580261701.13,419,838,482,613,209,fist,
13.3683149815,1580261701.15,419,839,483,612,209,fist,
13.3932831287,1580261701.17,417,838,480,611,205,fist,
13.413446188,1580261701.19,420,836,483,612,210,fist,
13.4381730556,1580261701.22,419,837,481,612,208,fist,
13.462501049,1580261701.24,419,837,482,612,207,fist,
13.483050108,1580261701.26,420,836,482,610,207,fist,
13.5078539848,1580261701.29,419,838,482,613,208,fist,
13.5281331539,1580261701.31,420,838,483,613,210,fist,
13.5526111126,1580261701.33,419,838,483,613,209,fist,
13.5772171021,1580261701.36,418,837,483,611,208,fist,
13.5979390144,1580261701.38,420,838,483,613,207,fist,
13.6225361824,1580261701.4,420,838,483,614,208,fist,
13.6428980827,1580261701.42,418,838,481,612,207,fist,
13.6676301956,1580261701.45,419,839,483,612,208,fist,
13.6878910065,1580261701.47,419,839,483,613,208,fist,
13.7124831676,1580261701.49,420,839,484,613,209,fist,
13.7373831272,1580261701.52,418,838,481,612,206,fist,
13.7577471733,1580261701.54,417,836,483,610,208,fist,
13.7820329666,1580261701.56,420,839,482,612,207,fist,
13.8028030396,1580261701.58,419,839,482,612,208,fist,
13.8270950317,1580261701.61,419,837,482,610,208,fist,
13.8517680168,1580261701.63,419,839,482,610,207,fist,
13.8722121716,1580261701.65,419,838,482,612,209,fist,
13.8965921402,1580261701.67,419,838,482,613,209,fist,
13.9171130657,1580261701.7,418,837,482,612,207,fist,
13.9416279793,1580261701.72,418,837,482,611,207,fist,
13.9663250446,1580261701.74,420,837,482,612,208,fist,
13.9868731499,1580261701.77,419,837,483,613,209,fist,
14.0115020275,1580261701.79,419,835,483,610,208,fist,
14.032004118,1580261701.81,418,836,482,612,208,fist,
14.0564661026,1580261701.83,419,834,483,613,209,fist,
14.0769751072,1580261701.86,418,836,482,613,208,fist,
14.1017911434,1580261701.88,418,835,484,610,208,fist,
14.1261081696,1580261701.9,418,835,484,611,209,fist,
14.1466271877,1580261701.92,419,836,485,616,210,fist,
14.1715650558,1580261701.95,419,835,488,618,211,fist,
14.1920201778,1580261701.97,416,836,489,620,209,fist,
14.2162110806,1580261701.99,418,838,489,624,211,fist,
14.2411520481,1580261702.02,419,839,491,630,211,fist,
14.261370182,1580261702.04,417,841,491,634,211,fist,
14.2858891487,1580261702.06,416,843,490,635,210,fist,
14.306622982,1580261702.08,415,846,492,636,210,fist,
14.3309481144,1580261702.11,416,847,493,639,211,fist,
14.3556420803,1580261702.13,416,849,494,638,211,fist,
14.3763680458,1580261702.15,413,851,494,638,208,fist,
14.4008300304,1580261702.18,414,853,496,639,207,fist,
14.4212729931,1580261702.2,415,854,495,642,208,fist,
14.4457230568,1580261702.22,414,854,496,641,208,fist,
14.4662280083,1580261702.24,415,855,497,640,205,fist,
14.4909369946,1580261702.27,414,856,497,638,207,fist,
18.6206240654,1580261706.4,415,856,499,639,209,one,
18.621186018,1580261706.4,414,856,499,637,207,one,
18.621710062,1580261706.4,413,855,500,635,205,one,
18.6222250462,1580261706.4,414,857,501,634,207,one,
18.622685194,1580261706.4,415,858,503,634,207,one,
18.6231350899,1580261706.4,414,858,504,634,207,one,
18.623609066,1580261706.4,413,859,503,632,206,one,
18.6240820885,1580261706.4,412,858,501,632,206,one,
18.6245520115,1580261706.4,414,857,500,631,208,one,
18.6250240803,1580261706.4,413,858,497,629,205,one,
18.6254920959,1580261706.4,411,855,496,623,205,one,
18.6261210442,1580261706.4,413,855,497,623,205,one,
18.6273269653,1580261706.41,413,855,495,624,206,one,
18.6285011768,1580261706.41,412,854,494,621,206,one,
18.6297540665,1580261706.41,411,853,492,618,204,one,
18.6307780743,1580261706.41,411,852,492,615,205,one,
18.6314361095,1580261706.41,412,852,491,616,206,one,
18.6319329739,1580261706.41,412,852,491,614,204,one,
18.6324090958,1580261706.41,410,851,491,612,203,one,
18.6328821182,1580261706.41,412,852,493,613,205,one,
18.6333551407,1580261706.41,410,852,492,614,204,one,
18.6338610649,1580261706.41,410,853,491,614,204,one,
18.634414196,1580261706.41,409,853,492,614,202,one,
18.6350409985,1580261706.41,410,853,494,617,204,one,
18.6355361938,1580261706.41,411,855,495,620,204,one,
18.6360161304,1580261706.41,411,855,496,618,205,one,
18.6364941597,1580261706.41,411,855,497,620,204,one,
18.6371591091,1580261706.42,411,856,496,622,205,one,
18.6376919746,1580261706.42,412,856,497,621,206,one,
18.6382021904,1580261706.42,410,856,496,621,202,one,
18.6387209892,1580261706.42,411,855,496,618,205,one,
18.6392130852,1580261706.42,411,855,496,620,204,one,
18.6396861076,1580261706.42,411,856,497,621,205,one,
18.6401400566,1580261706.42,410,856,498,619,205,one,
18.6405861378,1580261706.42,412,856,497,620,204,one,
18.6410319805,1580261706.42,411,856,499,622,206,one,
18.6414790154,1580261706.42,412,855,499,623,205,one,
18.6419930458,1580261706.42,409,856,498,622,204,one,
18.6424870491,1580261706.42,410,855,499,621,204,one,
18.6436111927,1580261706.42,412,856,500,623,205,one,
18.6445569992,1580261706.42,412,858,501,624,206,one,
18.6453211308,1580261706.42,411,856,502,623,204,one,
18.6459801197,1580261706.42,409,858,501,622,206,one,
18.6464841366,1580261706.42,412,857,501,624,207,one,
18.6468570232,1580261706.43,411,858,501,625,206,one,
18.6471781731,1580261706.43,411,857,500,622,205,one,
18.6475021839,1580261706.43,411,857,500,622,205,one,
18.6478049755,1580261706.43,411,857,501,623,205,one,
18.648111105,1580261706.43,411,857,501,624,206,one,
18.648414135,1580261706.43,409,857,501,623,205,one,
18.648717165,1580261706.43,409,857,499,622,204,one,
18.6490161419,1580261706.43,412,857,502,624,207,one,
18.6492869854,1580261706.43,411,857,499,624,204,one,
18.6495251656,1580261706.43,411,856,500,621,205,one,
18.6497831345,1580261706.43,410,856,502,622,205,one,
18.6500141621,1580261706.43,412,857,501,624,206,one,
18.6502451897,1580261706.43,412,856,501,624,205,one,
18.6504771709,1580261706.43,411,856,498,622,205,one,
18.6507060528,1580261706.43,411,856,500,621,205,one,
18.6509370804,1580261706.43,412,857,499,624,206,one,
18.6511700153,1580261706.43,411,857,500,624,205,one,
18.6514010429,1580261706.43,409,856,499,621,203,one,
18.6516320705,1580261706.43,411,857,499,622,205,one,
18.6518640518,1580261706.43,412,857,500,623,205,one,
18.6520981789,1580261706.43,411,857,500,623,205,one,
18.652328968,1580261706.43,408,856,498,621,202,one,
18.6525640488,1580261706.43,411,855,500,622,204,one,
18.6528041363,1580261706.43,412,857,500,624,206,one,
18.6530430317,1580261706.43,412,857,500,623,205,one,
18.6532800198,1580261706.43,411,856,500,622,205,one,
18.6535270214,1580261706.43,412,856,499,622,204,one,
18.6537661552,1580261706.43,412,856,499,622,206,one,
18.6541390419,1580261706.43,410,856,499,622,205,one,
18.6545929909,1580261706.43,411,856,499,620,203,one,
18.6550149918,1580261706.43,411,856,499,621,204,one,
18.6556270123,1580261706.43,411,856,500,623,205,one,
18.6565701962,1580261706.43,411,856,499,622,205,one,
18.6569349766,1580261706.44,410,857,498,622,205,one,
18.6571991444,1580261706.44,411,856,500,621,206,one,
18.6575081348,1580261706.44,412,855,500,623,205,one,
18.6577351093,1580261706.44,410,856,500,623,204,one,
18.6581380367,1580261706.44,409,855,501,619,204,one,
18.6586041451,1580261706.44,412,856,500,621,203,one,
18.6590061188,1580261706.44,411,857,500,623,206,one,
18.6594340801,1580261706.44,411,856,500,622,204,one,
18.6599361897,1580261706.44,411,856,499,621,203,one,
18.6603941917,1580261706.44,411,856,500,622,205,one,
18.6608731747,1580261706.44,411,856,500,622,206,one,
18.661301136,1580261706.44,411,857,501,623,203,one,
18.6616871357,1580261706.44,410,855,500,621,204,one,
18.6619701385,1580261706.44,411,856,499,622,204,one,
18.6622409821,1580261706.44,411,856,500,623,206,one,
18.6624209881,1580261706.44,411,855,499,621,205,one,
18.6625790596,1580261706.44,410,856,498,622,203,one,
18.6627340317,1580261706.44,412,855,500,622,205,one,
18.6628870964,1580261706.44,412,856,499,624,206,one,
18.6630420685,1580261706.44,410,855,499,622,205,one,
18.6631960869,1580261706.44,412,856,501,622,205,one,
18.6633501053,1580261706.44,410,856,500,623,205,one,
18.6635041237,1580261706.44,412,856,501,623,207,one,
18.6636571884,1580261706.44,411,855,500,622,204,one,
18.6638121605,1580261706.44,411,856,500,619,202,one,
18.6639649868,1580261706.44,411,855,500,621,207,one,
18.6641180515,1580261706.44,411,856,500,623,205,one,
18.6642711163,1580261706.44,409,856,500,623,205,one,
18.6644861698,1580261706.44,410,855,499,619,203,one,
18.6646461487,1580261706.44,410,855,500,622,204,one,
18.6648001671,1580261706.44,412,856,501,622,207,one,
18.6649541855,1580261706.44,409,855,498,622,203,one,
18.6651079655,1580261706.44,410,856,497,620,204,one,
18.6652619839,1580261706.44,412,856,501,622,205,one,
18.6654150486,1580261706.44,411,856,500,623,205,one,
18.6655800343,1580261706.44,412,855,500,621,204,one,
18.6657350063,1580261706.44,411,856,500,621,203,one,
18.6658890247,1580261706.44,411,856,500,621,205,one,
18.6660411358,1580261706.44,412,855,500,623,205,one,
18.6661939621,1580261706.44,410,856,499,621,204,one,
18.6663470268,1580261706.44,410,856,499,620,204,one,
18.6665000916,1580261706.44,411,855,500,621,205,one,
18.6666519642,1580261706.44,411,856,499,622,204,one,
18.6668050289,1580261706.45,411,855,500,621,202,one,
18.6669580936,1580261706.45,409,856,498,620,202,one,
18.6671111584,1580261706.45,411,855,499,620,205,one,
18.667263031,1580261706.45,411,856,499,622,204,one,
18.6674170494,1580261706.45,407,856,499,621,203,one,
18.6675701141,1580261706.45,411,855,500,620,204,one,
18.6677231789,1580261706.45,412,856,499,623,205,one,
18.6678771973,1580261706.45,411,856,499,622,206,one,
18.6680431366,1580261706.45,410,855,499,621,202,one,
18.6681900024,1580261706.45,410,856,499,620,205,one,
18.668336153,1580261706.45,411,856,498,621,206,one,
18.6684830189,1580261706.45,410,856,497,622,204,one,
18.6686301231,1580261706.45,411,854,498,620,204,one,
18.6687750816,1580261706.45,410,856,499,620,205,one,
18.6689221859,1580261706.45,411,856,499,621,206,one,
18.6690680981,1580261706.45,410,855,498,621,206,one,
18.6692140102,1580261706.45,410,855,497,619,204,one,
18.6693611145,1580261706.45,411,855,498,619,205,one,
18.6695070267,1580261706.45,412,855,499,621,205,one,
18.6696581841,1580261706.45,411,856,498,622,205,one,
18.6698040962,1580261706.45,412,855,499,620,206,one,
18.6699509621,1580261706.45,413,856,496,620,205,one,
18.6701071262,1580261706.45,412,855,498,622,207,one,
18.6702480316,1580261706.45,410,855,498,621,206,one,
18.6703891754,1580261706.45,411,856,498,620,203,one,
18.6705300808,1580261706.45,411,855,497,619,204,one,
18.6706709862,1580261706.45,412,856,498,621,206,one,
18.67081213,1580261706.45,412,854,498,621,204,one,
18.670953989,1580261706.45,410,855,497,620,202,one,
18.6711111069,1580261706.45,409,856,497,620,204,one,
18.671257019,1580261706.45,412,855,499,621,206,one,
18.6714031696,1580261706.45,412,854,498,621,203,one,
18.6715481281,1580261706.45,410,856,498,619,202,one,
18.6716940403,1580261706.45,411,856,498,619,206,one,
18.6718389988,1580261706.45,412,855,498,622,206,one,
18.6719851494,1580261706.45,412,854,499,621,206,one,
18.6721730232,1580261706.45,410,855,497,620,205,one,
18.6723151207,1580261706.45,411,856,498,620,204,one,
18.6724560261,1580261706.45,412,855,499,621,206,one,
18.6725981236,1580261706.45,411,855,499,621,203,one,
18.6727390289,1580261706.45,410,855,497,619,204,one,
18.6728801727,1580261706.45,412,856,497,621,205,one,
18.6730210781,1580261706.45,411,856,497,621,206,one,
18.6731750965,1580261706.45,411,855,498,620,204,one,
18.6733109951,1580261706.45,409,855,494,620,204,one,
18.6734471321,1580261706.45,411,855,496,621,204,one,
18.6735870838,1580261706.45,413,855,497,622,205,one,
18.6737220287,1580261706.45,411,856,497,622,205,one,
18.6738581657,1580261706.45,410,856,497,620,205,one,
18.6739931107,1580261706.45,411,856,496,622,207,one,
18.6741290092,1580261706.45,412,856,497,622,207,one,
18.6742641926,1580261706.45,410,856,495,623,203,one,
18.6743991375,1580261706.45,410,855,496,623,204,one,
18.6745350361,1580261706.45,411,856,497,624,206,one,
18.6746711731,1580261706.45,412,857,497,625,207,one,
18.6748080254,1580261706.45,410,858,495,625,203,one,
18.6749579906,1580261706.45,409,855,495,622,204,one,
18.6750941277,1580261706.45,410,856,497,623,206,one,
18.6752309799,1580261706.45,411,855,498,623,206,one,
18.6753671169,1580261706.45,410,856,497,623,204,one,
18.6755030155,1580261706.45,411,857,499,621,203,one,
18.6756510735,1580261706.45,412,856,499,623,206,one,
18.6812381744,1580261706.46,411,856,498,625,206,one,
18.701693058,1580261706.48,409,856,497,623,207,one,
18.7261941433,1580261706.5,412,856,497,621,203,one,
18.7469661236,1580261706.53,411,856,499,623,208,one,
18.7716500759,1580261706.55,412,856,499,624,206,one,
18.7958910465,1580261706.57,410,856,499,622,205,one,
18.816491127,1580261706.59,410,856,498,622,204,one,
18.8410110474,1580261706.62,411,857,498,623,206,one,
18.8615591526,1580261706.64,411,856,498,624,206,one,
18.8861510754,1580261706.66,409,855,498,623,205,one,
18.9105551243,1580261706.69,410,855,497,622,204,one,
18.9310970306,1580261706.71,411,855,499,622,205,one,
18.9557020664,1580261706.73,412,856,498,624,205,one,
18.9763419628,1580261706.75,411,856,497,623,203,one,
19.0009281635,1580261706.78,412,856,498,622,205,one,
19.0256781578,1580261706.8,411,856,498,623,206,one,
19.0458540916,1580261706.82,411,856,498,624,207,one,
19.0703530312,1580261706.85,409,857,498,622,205,one,
19.0909349918,1580261706.87,410,856,499,623,203,one,
19.1153740883,1580261706.89,411,858,498,624,207,one,
19.1362521648,1580261706.91,411,857,498,625,206,one,
19.1607861519,1580261706.94,410,856,498,624,204,one,
19.1850261688,1580261706.96,410,858,499,624,204,one,
19.20601511,1580261706.98,410,857,497,624,205,one,
19.2301740646,1580261707.01,411,856,497,623,206,one,
19.2506611347,1580261707.03,409,856,494,622,204,one,
19.2754230499,1580261707.05,410,855,490,621,203,one,
19.3000791073,1580261707.08,411,851,488,622,205,one,
19.3204751015,1580261707.1,410,852,487,625,204,one,
19.3448421955,1580261707.12,409,853,489,624,204,one,
19.3656699657,1580261707.14,410,854,489,627,205,one,
19.3899250031,1580261707.17,410,854,490,629,205,one,
19.4143800735,1580261707.19,409,854,491,629,205,one,
19.4353551865,1580261707.21,408,854,490,629,203,one,
19.4595081806,1580261707.24,408,854,491,630,204,one,
19.4801020622,1580261707.26,409,854,491,631,206,one,
19.5046470165,1580261707.28,407,854,489,630,204,one,
19.5254299641,1580261707.3,407,853,490,629,203,one,
19.5497140884,1580261707.33,406,854,489,628,204,one,
19.5743460655,1580261707.35,408,855,490,630,205,one,
19.5947439671,1580261707.37,409,855,490,629,204,one,
19.6192140579,1580261707.4,407,855,489,627,204,one,
19.6399791241,1580261707.42,406,855,489,627,205,one,
19.6643280983,1580261707.44,407,855,488,628,205,one,
19.6892621517,1580261707.47,405,854,488,626,203,one,
19.7095851898,1580261707.49,404,854,487,623,202,one,
19.7341899872,1580261707.51,407,856,488,624,205,one,
19.7547709942,1580261707.53,406,855,487,623,205,one,
19.7790231705,1580261707.56,406,855,485,621,205,one,
19.8037061691,1580261707.58,405,855,486,618,204,one,
19.824103117,1580261707.6,406,854,485,618,204,one,
19.8485679626,1580261707.63,407,854,484,619,206,one,
19.8694880009,1580261707.65,407,854,484,615,205,one,
19.8938481808,1580261707.67,406,854,484,616,202,one,
19.9141690731,1580261707.69,407,855,483,616,206,one,
19.9391100407,1580261707.72,407,854,483,616,206,one,
19.9633481503,1580261707.74,404,855,482,614,205,one,
19.9838931561,1580261707.76,405,855,482,613,205,one,
20.0088551044,1580261707.79,405,855,483,613,204,one,
20.0289070606,1580261707.81,407,856,482,612,205,one,
20.0537831783,1580261707.83,405,857,482,610,205,one,
20.0779411793,1580261707.86,405,858,480,609,203,one,
20.098662138,1580261707.88,406,859,482,608,205,one,
20.1233279705,1580261707.9,407,861,481,608,206,one,
20.1438901424,1580261707.92,406,859,479,604,204,one,
20.1682901382,1580261707.95,407,859,479,602,203,one,
20.1928119659,1580261707.97,407,862,478,602,202,one,
20.2133481503,1580261707.99,409,861,477,600,205,one,
20.2377970219,1580261708.02,409,862,476,598,204,one,
20.2584180832,1580261708.04,409,863,473,595,203,one,
20.2829501629,1580261708.06,411,863,472,593,204,one,
20.3033921719,1580261708.08,411,864,471,592,202,one,
20.3279910088,1580261708.11,409,864,468,590,201,one,
20.3524110317,1580261708.13,409,864,468,589,202,one,
20.373167038,1580261708.15,411,864,469,590,203,one,
20.3974850178,1580261708.18,411,865,470,591,204,one,
20.4181201458,1580261708.2,411,865,469,590,202,one,
20.4427640438,1580261708.22,410,864,467,588,200,one,
20.467151165,1580261708.25,411,865,469,589,206,one,
20.4878959656,1580261708.27,410,864,467,591,203,one,
20.5122601986,1580261708.29,410,865,468,588,203,one,
20.5330271721,1580261708.31,411,865,466,587,200,one,
20.5573980808,1580261708.34,411,866,468,590,203,one,
20.5818660259,1580261708.36,411,866,469,590,205,one,
20.6027030945,1580261708.38,411,866,468,589,204,one,
20.6270260811,1580261708.41,409,865,468,589,203,one,
20.6474990845,1580261708.43,411,866,468,589,204,one,
20.6723341942,1580261708.45,411,866,467,589,203,one,
20.6926651001,1580261708.47,409,866,469,586,202,one,
20.7171590328,1580261708.5,410,865,468,585,201,one,
20.741959095,1580261708.52,411,865,467,585,203,one,
20.7621700764,1580261708.54,411,865,467,585,203,one,
20.7869031429,1580261708.57,409,864,466,582,200,one,
20.8075580597,1580261708.59,410,863,464,581,201,one,
20.8321051598,1580261708.61,411,865,464,582,202,one,
20.856678009,1580261708.63,410,864,465,582,203,one,
20.8772549629,1580261708.66,409,864,464,580,202,one,
20.9018170834,1580261708.68,408,864,465,579,202,one,
20.9221320152,1580261708.7,411,863,465,580,201,one,
20.9465219975,1580261708.72,410,863,466,579,203,one,
20.9710590839,1580261708.75,409,862,464,578,201,one,
20.9918551445,1580261708.77,409,862,467,578,200,one,
21.0159990788,1580261708.79,411,861,467,580,202,one,
21.0370330811,1580261708.82,410,861,467,581,202,one,
21.0611271858,1580261708.84,408,861,466,579,200,one,
21.0816881657,1580261708.86,410,861,468,580,201,one,
21.1063430309,1580261708.88,410,861,468,581,203,one,
21.1308941841,1580261708.91,409,861,468,582,202,one,
21.1512680054,1580261708.93,410,860,469,580,202,one,
21.1759550571,1580261708.95,410,861,467,580,203,one,
21.1965830326,1580261708.97,411,862,468,582,203,one,
21.2209739685,1580261709.0,411,861,469,581,203,one,
21.2453920841,1580261709.02,409,862,467,579,199,one,
21.2661061287,1580261709.04,411,863,469,579,203,one,
21.2908060551,1580261709.07,411,863,466,580,203,one,
21.3110771179,1580261709.09,412,863,466,577,201,one,
21.3359520435,1580261709.11,411,863,465,571,201,one,
21.3602249622,1580261709.14,411,863,465,571,200,one,
21.3806700706,1580261709.16,412,863,465,572,202,one,
21.4054281712,1580261709.18,412,863,464,571,201,one,
21.4259450436,1580261709.2,410,862,464,570,199,one,
21.4504461288,1580261709.23,411,861,465,570,200,one,
21.4711101055,1580261709.25,411,862,462,571,201,one,
21.4955191612,1580261709.27,411,863,463,570,200,one,
21.51989007,1580261709.3,411,863,463,569,199,one,
21.5407700539,1580261709.32,410,863,464,570,200,one,
21.5653090477,1580261709.34,413,863,465,571,203,one,
21.5856261253,1580261709.36,411,862,464,570,200,one,
21.6102790833,1580261709.39,411,862,462,568,200,one,
21.6346960068,1580261709.41,410,864,464,569,200,one,
21.6552591324,1580261709.43,411,863,464,571,200,one,
21.6797699928,1580261709.46,411,863,464,570,201,one,
21.7001969814,1580261709.48,411,863,463,569,197,one,
21.7250339985,1580261709.5,410,862,462,568,200,one,
21.7493050098,1580261709.53,412,862,463,569,202,one,
21.7698249817,1580261709.55,410,862,461,567,199,one,
21.7944040298,1580261709.57,409,862,461,565,200,one,
21.8148961067,1580261709.59,412,862,463,566,199,one,
21.8398430347,1580261709.62,411,862,461,568,200,one,
21.860129118,1580261709.64,412,860,461,565,200,one,
21.8844981194,1580261709.66,411,862,461,568,199,one,
21.9091069698,1580261709.69,411,861,461,567,201,one,
21.9297230244,1580261709.71,412,862,461,569,201,one,
21.9543700218,1580261709.73,412,862,462,568,200,one,
21.9748060703,1580261709.75,411,860,460,567,197,one,
21.9996020794,1580261709.78,412,862,462,567,201,one,
22.0237720013,1580261709.8,411,861,463,570,201,one,
22.0443851948,1580261709.82,411,861,464,567,200,one,
22.0692620277,1580261709.85,409,860,464,568,199,one,
22.0894100666,1580261709.87,411,859,465,568,200,one,
22.113972187,1580261709.89,411,860,465,570,200,one,
22.1387650967,1580261709.92,411,859,466,568,200,one,
22.159165144,1580261709.94,412,859,468,568,199,one,
22.1836781502,1580261709.96,411,859,469,570,200,one,
22.2043771744,1580261709.98,412,859,468,571,202,one,
22.2286381721,1580261710.01,410,859,469,570,199,one,
22.2491090298,1580261710.03,411,859,470,570,200,one,
22.2738029957,1580261710.05,411,858,469,572,201,one,
22.2982530594,1580261710.08,411,859,469,573,201,one,
22.3187420368,1580261710.1,411,859,470,572,199,one,
22.3434491158,1580261710.12,410,860,470,570,201,one,
22.363833189,1580261710.14,411,860,470,574,202,one,
22.3888061047,1580261710.17,411,859,471,574,201,one,
22.4129621983,1580261710.19,411,860,472,573,198,one,
22.4335660934,1580261710.21,409,859,472,571,201,one,
22.4580931664,1580261710.24,412,860,473,575,200,one,
22.4786059856,1580261710.26,411,860,474,576,202,one,
22.5033731461,1580261710.28,411,860,473,576,201,one,
22.5277130604,1580261710.31,411,859,474,577,201,one,
22.5481541157,1580261710.33,412,858,477,580,203,one,
22.5729711056,1580261710.35,412,859,477,580,203,one,
22.5933840275,1580261710.37,411,856,477,577,201,one,
22.6177711487,1580261710.4,411,858,477,579,202,one,
22.6384031773,1580261710.42,411,858,478,580,202,one,
22.6628510952,1580261710.44,411,858,479,581,203,one,
22.6875920296,1580261710.47,410,858,479,581,202,one,
22.7082071304,1580261710.49,409,858,478,580,202,one,
22.7403621674,1580261710.52,411,857,479,582,204,one,
22.753136158,1580261710.53,411,858,478,582,202,one,
22.7776150703,1580261710.56,410,856,479,580,202,one,
22.8020310402,1580261710.58,410,858,478,580,201,one,
22.8229160309,1580261710.6,411,859,480,583,204,one,
22.8472361565,1580261710.63,411,858,480,583,204,one,
22.8681061268,1580261710.65,408,858,478,582,199,one,
22.8924901485,1580261710.67,409,858,480,583,203,one,
22.9167621136,1580261710.7,411,858,482,587,204,one,
22.9372639656,1580261710.72,410,859,483,587,204,one,
22.9617860317,1580261710.74,410,857,482,586,202,one,
22.9823961258,1580261710.76,409,859,484,586,203,one,
23.0071840286,1580261710.79,410,859,484,588,204,one,
23.0315389633,1580261710.81,411,859,483,588,204,one,
23.0519471169,1580261710.83,408,858,482,587,202,one,
23.0764861107,1580261710.85,409,857,483,586,202,one,
23.0972511768,1580261710.88,411,858,483,588,204,one,
23.1216151714,1580261710.9,410,859,483,589,202,one,
23.1422410011,1580261710.92,410,858,483,587,204,one,
23.1669261456,1580261710.95,410,858,483,588,203,one,
23.1913440228,1580261710.97,410,858,484,590,205,one,
23.2118341923,1580261710.99,411,858,485,590,204,one,
23.2366809845,1580261711.01,408,857,484,587,203,one,
23.2571589947,1580261711.04,409,856,483,589,203,one,
23.2813811302,1580261711.06,411,857,484,591,205,one,
23.3060421944,1580261711.08,410,856,485,590,204,one,
23.3265299797,1580261711.1,409,855,484,589,203,one,
23.3511049747,1580261711.13,410,855,485,590,204,one,
23.3716580868,1580261711.15,410,853,485,591,205,one,
23.3960809708,1580261711.17,407,854,483,591,203,one,
23.4206120968,1580261711.2,409,854,484,590,203,one,
23.4412190914,1580261711.22,410,854,486,591,203,one,
23.4657130241,1580261711.24,410,854,486,592,205,one,
23.4862530231,1580261711.26,409,854,486,591,205,one,
23.5109710693,1580261711.29,408,854,485,589,204,one,
23.5315899849,1580261711.31,409,854,484,590,205,one,
23.5562491417,1580261711.33,409,854,484,591,204,one,
23.5803799629,1580261711.36,409,854,482,589,204,one,
23.6008930206,1580261711.38,407,852,484,588,202,one,
23.6257581711,1580261711.4,409,853,483,589,203,one,
25.9350671768,1580261713.71,409,853,483,590,205,extend,
25.9356219769,1580261713.71,408,853,483,588,204,extend,
25.936122179,1580261713.71,407,854,481,588,202,extend,
25.9366250038,1580261713.71,408,852,484,590,204,extend,
25.9371221066,1580261713.72,409,856,482,595,203,extend,
25.9376540184,1580261713.72,408,857,485,600,202,extend,
25.9381551743,1580261713.72,408,859,487,603,204,extend,
25.9386510849,1580261713.72,408,860,490,612,203,extend,
25.9391481876,1580261713.72,408,862,494,619,206,extend,
25.9396421909,1580261713.72,406,863,496,623,201,extend,
25.9401381016,1580261713.72,407,863,497,628,204,extend,
25.9406321049,1580261713.72,407,864,500,632,205,extend,
25.9411261082,1580261713.72,408,865,502,637,206,extend,
25.9416351318,1580261713.72,406,866,504,639,204,extend,
25.9424259663,1580261713.72,407,866,507,641,203,extend,
25.943144083,1580261713.72,404,866,508,644,204,extend,
25.9442989826,1580261713.72,406,867,510,645,205,extend,
25.9455730915,1580261713.72,405,867,510,643,202,extend,
25.9468340874,1580261713.73,405,868,510,643,204,extend,
25.9480330944,1580261713.73,406,867,513,645,206,extend,
25.949185133,1580261713.73,405,868,513,645,206,extend,
25.9502630234,1580261713.73,405,868,512,643,204,extend,
25.951305151,1580261713.73,403,868,513,642,203,extend,
25.9524741173,1580261713.73,405,867,513,643,205,extend,
25.9536271095,1580261713.73,406,868,513,644,205,extend,
25.9545681477,1580261713.73,404,867,513,642,204,extend,
25.9550471306,1580261713.73,404,869,512,642,205,extend,
25.9554960728,1580261713.73,406,869,514,644,206,extend,
25.9559440613,1580261713.73,404,868,514,644,205,extend,
25.9563901424,1580261713.73,404,867,515,643,204,extend,
25.9568610191,1580261713.74,404,868,512,641,203,extend,
25.9573311806,1580261713.74,405,867,514,642,205,extend,
25.9578399658,1580261713.74,406,868,514,644,205,extend,
25.9583160877,1580261713.74,404,868,515,642,204,extend,
25.9591360092,1580261713.74,405,868,516,643,206,extend,
25.9595270157,1580261713.74,406,869,515,644,207,extend,
25.9599890709,1580261713.74,405,868,515,644,206,extend,
25.9604980946,1580261713.74,403,868,514,643,206,extend,
25.9610221386,1580261713.74,404,868,515,642,205,extend,
25.9613749981,1580261713.74,405,867,516,643,207,extend,
25.9617350101,1580261713.74,405,868,515,644,207,extend,
25.9620811939,1580261713.74,403,868,514,640,202,extend,
25.9624211788,1580261713.74,403,866,510,641,206,extend,
25.9627611637,1580261713.74,405,863,508,638,206,extend,
25.9631021023,1580261713.74,404,862,503,633,205,extend,
25.9634439945,1580261713.74,403,862,496,627,204,extend,
25.9637851715,1580261713.74,403,861,498,621,204,extend,
25.9640979767,1580261713.74,405,860,494,619,204,extend,
25.9643511772,1580261713.74,403,860,490,615,205,extend,
25.9646031857,1580261713.74,402,860,488,610,203,extend,
25.9648571014,1580261713.74,404,862,485,609,202,extend,
25.9651100636,1580261713.74,405,862,485,609,205,extend,
25.965362072,1580261713.74,405,861,483,606,203,extend,
25.9656331539,1580261713.74,402,861,483,604,201,extend,
25.9658901691,1580261713.74,404,862,483,603,203,extend,
25.9661440849,1580261713.74,405,863,482,604,204,extend,
25.9663991928,1580261713.74,405,862,484,604,203,extend,
25.9666531086,1580261713.74,404,863,484,601,202,extend,
25.9669091702,1580261713.75,404,864,482,602,202,extend,
25.9671621323,1580261713.75,405,862,483,602,204,extend,
25.967416048,1580261713.75,403,864,483,603,201,extend,
25.9676690102,1580261713.75,403,863,483,601,202,extend,
25.9679210186,1580261713.75,405,863,484,602,203,extend,
25.9681751728,1580261713.75,405,864,484,604,204,extend,
25.9684290886,1580261713.75,404,864,483,603,203,extend,
25.968681097,1580261713.75,403,864,483,602,203,extend,
25.9689350128,1580261713.75,404,864,484,602,202,extend,
25.96916008,1580261713.75,405,864,484,604,205,extend,
25.9693629742,1580261713.75,403,864,485,603,203,extend,
25.9695739746,1580261713.75,404,865,482,603,202,extend,
25.9697761536,1580261713.75,405,864,486,604,204,extend,
25.9699780941,1580261713.75,404,865,484,605,204,extend,
25.9701809883,1580261713.75,404,864,484,605,204,extend,
25.9703831673,1580261713.75,403,865,483,605,201,extend,
25.9705841541,1580261713.75,403,864,484,605,204,extend,
25.9707829952,1580261713.75,406,865,486,607,205,extend,
25.9709851742,1580261713.75,403,865,486,606,204,extend,
25.971186161,1580261713.75,403,864,484,607,202,extend,
25.9713850021,1580261713.75,404,864,484,610,205,extend,
25.9715871811,1580261713.75,404,864,484,610,205,extend,
25.971788168,1580261713.75,404,863,483,610,203,extend,
25.9719901085,1580261713.75,402,863,483,608,203,extend,
25.972192049,1580261713.75,405,861,483,611,204,extend,
25.9723930359,1580261713.75,405,861,485,613,205,extend,
25.9725930691,1580261713.75,404,860,484,611,203,extend,
25.9727940559,1580261713.75,403,861,485,611,202,extend,
25.9729950428,1580261713.75,402,860,484,612,204,extend,
25.9731969833,1580261713.75,404,858,485,614,205,extend,
25.9734330177,1580261713.75,403,861,483,612,200,extend,
25.9736449718,1580261713.75,403,859,485,611,203,extend,
25.9738490582,1580261713.75,404,860,485,613,204,extend,
25.9740509987,1580261713.75,404,861,486,615,205,extend,
25.9742190838,1580261713.75,403,860,486,613,203,extend,
25.9743859768,1580261713.75,403,860,485,612,203,extend,
25.9745531082,1580261713.75,404,860,486,613,204,extend,
25.9747211933,1580261713.75,404,860,486,614,204,extend,
25.97488904,1580261713.75,403,860,486,612,203,extend,
25.9751491547,1580261713.75,403,859,484,610,202,extend,
25.9753131866,1580261713.75,404,859,485,612,203,extend,
25.9754681587,1580261713.75,403,857,484,611,205,extend,
25.9756221771,1580261713.75,401,856,483,610,203,extend,
25.9757761955,1580261713.75,402,856,480,608,201,extend,
25.9812581539,1580261713.76,404,856,483,609,204,extend,
26.0053889751,1580261713.78,403,857,484,610,204,extend,
26.0299940109,1580261713.81,402,857,481,609,202,extend,
26.0504891872,1580261713.83,405,856,483,608,200,extend,
26.0750470161,1580261713.85,404,858,483,610,203,extend,
26.0956630707,1580261713.87,403,857,484,611,204,extend,
26.1201031208,1580261713.9,402,856,484,610,201,extend,
26.1446530819,1580261713.92,403,857,485,612,202,extend,
26.1652281284,1580261713.94,404,859,489,617,204,extend,
26.1899380684,1580261713.97,404,861,491,621,204,extend,
26.2103581429,1580261713.99,402,861,493,624,201,extend,
26.2350699902,1580261714.01,403,863,496,626,204,extend,
26.2556471825,1580261714.03,402,864,500,629,204,extend,
26.2799420357,1580261714.06,404,863,502,631,205,extend,
26.3047950268,1580261714.08,403,864,503,631,204,extend,
26.3249809742,1580261714.1,402,864,504,633,204,extend,
26.3496911526,1580261714.13,405,864,508,636,206,extend,
26.3701601028,1580261714.15,403,866,506,637,206,extend,
26.3946280479,1580261714.17,401,864,509,635,205,extend,
26.4190871716,1580261714.2,402,865,508,637,203,extend,
26.4397380352,1580261714.22,403,865,509,638,206,extend,
26.4642241001,1580261714.24,403,865,509,638,206,extend,
26.4848201275,1580261714.26,403,865,510,639,203,extend,
26.5094470978,1580261714.29,402,865,511,639,204,extend,
26.5339691639,1580261714.31,404,867,511,641,207,extend,
26.5546200275,1580261714.33,402,866,512,643,206,extend,
26.5789120197,1580261714.36,403,865,512,643,203,extend,
26.5996341705,1580261714.38,401,868,509,644,204,extend,
26.624297142,1580261714.4,403,866,512,644,207,extend,
26.64457798,1580261714.42,403,868,512,645,205,extend,
26.669465065,1580261714.45,402,868,511,645,205,extend,
26.6935920715,1580261714.47,404,868,512,644,206,extend,
26.7141430378,1580261714.49,404,868,512,646,207,extend,
26.7390220165,1580261714.52,402,868,511,645,205,extend,
26.7595460415,1580261714.54,403,868,513,642,204,extend,
26.7837231159,1580261714.56,404,869,512,643,204,extend,
26.8086440563,1580261714.59,404,869,509,643,207,extend,
26.8289091587,1580261714.61,404,871,507,644,205,extend,
26.8534741402,1580261714.63,404,870,506,641,204,extend,
26.8739740849,1580261714.65,404,871,505,643,205,extend,
26.8984570503,1580261714.68,404,872,503,644,206,extend,
26.9230101109,1580261714.7,405,871,504,643,206,extend,
26.9436609745,1580261714.72,404,872,501,642,203,extend,
26.968334198,1580261714.75,406,872,502,643,206,extend,
26.9889800549,1580261714.77,407,872,502,644,207,extend,
27.0133180618,1580261714.79,406,872,500,646,204,extend,
27.0340080261,1580261714.81,406,871,501,643,204,extend,
27.0582761765,1580261714.84,406,871,500,644,206,extend,
27.0827040672,1580261714.86,407,871,503,645,207,extend,
27.1033799648,1580261714.88,404,870,505,642,205,extend,
27.1279079914,1580261714.91,406,870,505,638,204,extend,
27.1485161781,1580261714.93,404,871,505,634,206,extend,
27.1731741428,1580261714.95,405,869,502,626,206,extend,
27.1974740028,1580261714.98,402,867,498,607,204,extend,
27.2180080414,1580261715.0,404,861,491,585,202,extend,
27.2425069809,1580261715.02,404,857,480,562,202,extend,
27.2631139755,1580261715.04,406,850,469,534,202,extend,
27.2876219749,1580261715.07,407,842,455,502,199,extend,
27.3121609688,1580261715.09,406,837,441,478,197,extend,
27.3329391479,1580261715.11,409,833,436,463,198,extend,
27.3572189808,1580261715.14,409,831,428,450,195,extend,
27.3778440952,1580261715.16,409,829,423,437,196,extend,
27.4024920464,1580261715.18,410,826,420,427,193,extend,
27.422770977,1580261715.2,411,825,418,423,193,extend,
27.4474391937,1580261715.23,412,824,416,421,194,extend,
27.4721980095,1580261715.25,413,823,415,416,191,extend,
27.4925341606,1580261715.27,413,822,414,412,191,extend,
27.5170249939,1580261715.3,414,823,414,412,191,extend,
27.5379800797,1580261715.32,413,823,412,413,192,extend,
27.5620880127,1580261715.34,413,823,413,409,192,extend,
27.5867981911,1580261715.37,414,824,412,408,191,extend,
27.6074230671,1580261715.39,415,825,411,409,192,extend,
27.6320281029,1580261715.41,416,825,413,411,192,extend,
27.6523551941,1580261715.43,415,826,411,410,191,extend,
27.6768050194,1580261715.46,416,826,410,407,191,extend,
27.7017550468,1580261715.48,416,826,411,410,193,extend,
27.7217721939,1580261715.5,416,827,411,412,193,extend,
27.746486187,1580261715.52,415,826,411,408,192,extend,
27.7672700882,1580261715.55,415,827,411,408,191,extend,
27.7917480469,1580261715.57,415,827,411,410,192,extend,
27.812071085,1580261715.59,415,828,412,412,193,extend,
27.836520195,1580261715.61,414,828,408,411,191,extend,
27.8610641956,1580261715.64,415,827,411,410,190,extend,
27.8816070557,1580261715.66,415,828,411,415,192,extend,
27.906386137,1580261715.68,415,827,412,416,193,extend,
27.9267699718,1580261715.71,415,828,411,416,189,extend,
27.9512171745,1580261715.73,415,829,412,418,192,extend,
27.9758031368,1580261715.75,416,828,413,421,193,extend,
27.9963400364,1580261715.77,415,828,411,424,192,extend,
28.0208761692,1580261715.8,414,826,413,423,192,extend,
28.0417590141,1580261715.82,414,827,413,422,192,extend,
28.0660719872,1580261715.84,415,828,415,428,193,extend,
28.0903270245,1580261715.87,414,828,414,429,194,extend,
28.1108291149,1580261715.89,412,827,416,427,192,extend,
28.1353900433,1580261715.91,415,827,416,429,192,extend,
28.1561939716,1580261715.93,415,826,416,433,194,extend,
28.1805040836,1580261715.96,414,825,417,435,194,extend,
28.2010450363,1580261715.98,414,823,418,433,193,extend,
28.2256910801,1580261716.0,414,824,417,435,193,extend,
28.2501840591,1580261716.03,415,825,419,439,194,extend,
28.2710390091,1580261716.05,416,824,420,439,194,extend,
28.2952990532,1580261716.07,414,825,418,440,193,extend,
28.3160471916,1580261716.09,414,824,419,440,196,extend,
28.3403980732,1580261716.12,415,824,420,443,195,extend,
28.3649179935,1580261716.14,414,824,420,442,195,extend,
28.3855099678,1580261716.16,414,823,420,441,193,extend,
28.4104170799,1580261716.19,414,824,420,442,193,extend,
28.4307861328,1580261716.21,415,824,420,445,196,extend,
28.4553799629,1580261716.23,416,825,422,444,195,extend,
28.4796471596,1580261716.26,413,824,421,443,193,extend,
28.5001621246,1580261716.28,415,823,420,445,194,extend,
28.5246701241,1580261716.3,415,824,422,447,194,extend,
28.5452330112,1580261716.32,412,822,420,444,194,extend,
28.5696241856,1580261716.35,414,824,421,443,192,extend,
28.5901269913,1580261716.37,414,823,419,444,193,extend,
28.6146821976,1580261716.39,416,822,421,446,196,extend,
28.6392281055,1580261716.42,413,822,418,446,194,extend,
28.6599621773,1580261716.44,414,823,420,442,193,extend,
28.6845569611,1580261716.46,415,823,420,444,194,extend,
28.704857111,1580261716.48,415,822,420,446,195,extend,
28.7293791771,1580261716.51,413,822,420,445,194,extend,
28.75395298,1580261716.53,413,821,419,443,195,extend,
28.7744321823,1580261716.55,415,822,419,443,194,extend,
28.7990310192,1580261716.58,415,823,421,446,196,extend,
28.8195691109,1580261716.6,414,823,420,444,194,extend,
28.8443031311,1580261716.62,415,821,420,442,193,extend,
28.8686599731,1580261716.65,414,822,419,446,195,extend,
28.8896870613,1580261716.67,415,823,419,446,195,extend,
28.9138801098,1580261716.69,414,823,419,445,195,extend,
28.9344170094,1580261716.71,414,824,419,443,193,extend,
28.9590551853,1580261716.74,415,824,420,446,195,extend,
28.9795370102,1580261716.76,416,825,421,449,194,extend,
29.0041451454,1580261716.78,414,824,420,448,193,extend,
29.0285069942,1580261716.81,414,824,420,448,194,extend,
29.0490419865,1580261716.83,415,825,419,450,195,extend,
29.0736401081,1580261716.85,415,826,420,451,196,extend,
29.0942661762,1580261716.87,414,826,419,451,192,extend,
29.1186821461,1580261716.9,413,825,420,450,193,extend,
29.143155098,1580261716.92,413,827,420,455,195,extend,
29.163932085,1580261716.94,413,828,420,458,194,extend,
29.1886119843,1580261716.97,414,827,421,454,194,extend,
29.2088811398,1580261716.99,413,829,421,455,193,extend,
29.2337520123,1580261717.01,413,829,422,460,196,extend,
29.2580611706,1580261717.04,414,829,424,461,196,extend,
29.2785251141,1580261717.06,413,829,421,460,192,extend,
29.3032391071,1580261717.08,413,829,423,458,194,extend,
29.3238861561,1580261717.1,413,828,422,460,194,extend,
29.3480570316,1580261717.13,413,828,423,462,196,extend,
29.3690190315,1580261717.15,413,830,423,460,194,extend,
29.3931469917,1580261717.17,413,830,423,463,195,extend,
29.4178261757,1580261717.2,413,830,424,465,196,extend,
29.4382750988,1580261717.22,412,831,423,467,196,extend,
29.4627890587,1580261717.24,408,830,422,467,193,extend,
29.4834001064,1580261717.26,412,830,425,468,193,extend,
29.5079510212,1580261717.29,411,832,424,473,194,extend,
29.5327970982,1580261717.31,411,833,426,476,196,extend,
29.5529639721,1580261717.33,412,833,427,476,194,extend,
29.5775799751,1580261717.36,410,834,427,482,194,extend,
29.5979921818,1580261717.38,411,835,429,485,197,extend,
29.6228671074,1580261717.4,410,834,429,488,195,extend,
29.6470041275,1580261717.43,409,834,430,488,193,extend,
29.6676900387,1580261717.45,409,834,430,487,193,extend,
29.6921620369,1580261717.47,410,834,431,491,195,extend,
29.7126400471,1580261717.49,410,834,431,492,196,extend,
29.7376661301,1580261717.52,408,834,432,490,194,extend,
29.7578561306,1580261717.54,409,834,431,494,193,extend,
29.7823770046,1580261717.56,410,833,433,496,196,extend,
29.8069009781,1580261717.59,409,834,433,497,195,extend,
29.8275880814,1580261717.61,409,832,434,495,193,extend,
29.8522810936,1580261717.63,409,834,434,497,194,extend,
29.872959137,1580261717.65,410,834,435,502,195,extend,
29.8970050812,1580261717.68,409,833,437,502,197,extend,
29.9216680527,1580261717.7,408,834,437,503,194,extend,
29.9421281815,1580261717.72,408,832,439,507,196,extend,
29.966946125,1580261717.75,410,833,441,513,197,extend,
29.9873440266,1580261717.77,408,834,443,520,196,extend,
30.0116970539,1580261717.79,407,837,448,530,194,extend,
30.0367090702,1580261717.81,408,841,455,547,195,extend,
30.0567829609,1580261717.84,406,846,464,569,198,extend,
30.0813100338,1580261717.86,406,851,473,587,199,extend,
30.1022360325,1580261717.88,405,855,477,597,196,extend,
30.1264970303,1580261717.9,405,857,481,603,199,extend,
30.1470561028,1580261717.93,407,860,483,610,199,extend,
30.1718871593,1580261717.95,406,860,486,615,200,extend,
30.1960120201,1580261717.97,403,862,493,618,200,extend,
30.2165651321,1580261717.99,407,864,496,624,201,extend,
30.2413101196,1580261718.02,406,863,498,628,204,extend,
30.2616970539,1580261718.04,406,863,498,631,203,extend,
30.2863490582,1580261718.06,404,865,495,632,203,extend,
30.3106861115,1580261718.09,407,865,498,635,203,extend,
30.3311970234,1580261718.11,408,866,499,638,205,extend,
30.3558001518,1580261718.13,407,866,500,639,204,extend,
30.3763771057,1580261718.15,408,867,499,641,204,extend,
30.4010131359,1580261718.18,407,868,500,644,202,extend,
30.4254100323,1580261718.2,409,867,501,647,206,extend,
30.4459660053,1580261718.22,406,868,499,649,203,extend,
30.4706580639,1580261718.25,408,866,501,647,204,extend,
30.4910919666,1580261718.27,409,868,501,649,204,extend,
30.5155050755,1580261718.29,409,869,503,652,205,extend,
30.5363750458,1580261718.31,410,870,505,650,206,extend,
30.5607919693,1580261718.34,408,870,503,650,204,extend,
30.5851311684,1580261718.36,408,869,503,650,207,extend,
30.6061151028,1580261718.38,409,870,503,651,205,extend,
30.6304290295,1580261718.41,408,870,504,650,205,extend,
30.6510021687,1580261718.43,407,868,504,648,204,extend,
30.6753721237,1580261718.45,409,870,504,649,205,extend,
30.700289011,1580261718.48,409,870,505,651,206,extend,
30.7203860283,1580261718.5,408,869,506,650,205,extend,
30.7449531555,1580261718.52,408,870,504,648,204,extend,
30.7655110359,1580261718.54,409,869,507,648,206,extend,
30.790060997,1580261718.57,409,870,505,650,204,extend,
30.8147301674,1580261718.59,408,870,506,647,204,extend,
30.8354260921,1580261718.61,408,870,507,648,204,extend,
30.8596460819,1580261718.64,408,870,506,649,205,extend,
30.8803861141,1580261718.66,408,870,508,649,207,extend,
30.9046840668,1580261718.68,408,870,507,648,204,extend,
30.9253070354,1580261718.7,405,869,507,646,203,extend,
30.9498920441,1580261718.73,408,870,507,649,206,extend,
32.2072789669,1580261719.99,407,869,507,650,205,fist,
32.2079150677,1580261719.99,406,869,508,648,205,fist,
32.2086830139,1580261719.99,408,870,509,649,205,fist,
32.2091851234,1580261719.99,407,869,507,649,204,fist,
32.209690094,1580261719.99,408,869,507,649,206,fist,
32.2101671696,1580261719.99,405,870,507,650,204,fist,
32.210640192,1580261719.99,406,867,508,648,204,fist,
32.2111141682,1580261719.99,408,869,507,649,206,fist,
32.2115881443,1580261719.99,407,869,507,650,206,fist,
32.2120599747,1580261719.99,407,869,506,648,203,fist,
32.2125370502,1580261719.99,406,870,508,648,204,fist,
32.2130150795,1580261719.99,407,869,508,649,205,fist,
32.2134981155,1580261719.99,407,870,508,650,205,fist,
32.2139911652,1580261719.99,407,870,508,647,204,fist,
32.214466095,1580261719.99,405,870,508,647,204,fist,
32.2149391174,1580261719.99,408,870,507,649,206,fist,
32.2154121399,1580261719.99,407,870,507,649,205,fist,
32.2158830166,1580261719.99,407,869,507,648,204,fist,
32.2164621353,1580261719.99,405,869,508,646,204,fist,
32.2170460224,1580261720.0,408,868,508,649,205,fist,
32.2177581787,1580261720.0,407,869,507,648,205,fist,
32.2184941769,1580261720.0,406,869,508,647,203,fist,
32.2192380428,1580261720.0,408,869,507,647,203,fist,
32.2201080322,1580261720.0,408,870,508,650,206,fist,
32.2209069729,1580261720.0,407,869,509,649,206,fist,
32.2215871811,1580261720.0,406,869,506,648,202,fist,
32.2221391201,1580261720.0,407,869,508,648,205,fist,
32.2226381302,1580261720.0,407,869,508,649,206,fist,
32.2231371403,1580261720.0,406,869,507,649,205,fist,
32.2236351967,1580261720.0,405,868,505,646,202,fist,
32.224132061,1580261720.0,407,869,506,648,203,fist,
32.2250139713,1580261720.0,407,870,507,649,206,fist,
32.225675106,1580261720.0,406,869,507,649,206,fist,
32.2262291908,1580261720.0,405,870,505,648,202,fist,
32.2267611027,1580261720.01,406,868,508,647,205,fist,
32.2272939682,1580261720.01,406,870,507,649,204,fist,
32.2278261185,1580261720.01,407,870,507,649,205,fist,
32.2283530235,1580261720.01,407,869,507,648,203,fist,
32.228883028,1580261720.01,406,870,507,649,204,fist,
32.2294101715,1580261720.01,408,870,507,650,206,fist,
32.2299640179,1580261720.01,405,870,507,650,205,fist,
32.2304971218,1580261720.01,405,870,507,649,203,fist,
32.2310261726,1580261720.01,406,869,507,650,205,fist,
32.2315580845,1580261720.01,407,869,508,651,205,fist,
32.2320849895,1580261720.01,404,869,507,650,207,fist,
32.2327799797,1580261720.01,405,871,507,650,203,fist,
32.2335860729,1580261720.01,406,869,507,649,204,fist,
32.2343821526,1580261720.01,407,869,508,650,207,fist,
32.234924078,1580261720.01,407,870,507,649,205,fist,
32.2354521751,1580261720.01,405,868,509,647,205,fist,
32.2359809875,1580261720.01,408,870,509,649,205,fist,
32.2365090847,1580261720.01,407,871,508,651,206,fist,
32.2370371819,1580261720.02,407,871,507,650,205,fist,
32.2376000881,1580261720.02,406,870,507,648,204,fist,
32.2381341457,1580261720.02,406,871,506,649,205,fist,
32.2386660576,1580261720.02,407,871,506,650,206,fist,
32.2564930916,1580261720.03,406,872,504,649,203,fist,
32.2770421505,1580261720.06,406,871,504,648,204,fist,
32.3020501137,1580261720.08,408,872,503,648,205,fist,
32.3221151829,1580261720.1,407,871,500,648,205,fist,
32.3465881348,1580261720.12,406,871,498,647,204,fist,
32.3714261055,1580261720.15,404,870,493,646,203,fist,
32.3917701244,1580261720.17,406,868,490,646,203,fist,
32.4163551331,1580261720.19,407,867,488,644,203,fist,
32.4371321201,1580261720.22,405,864,483,638,203,fist,
32.4613530636,1580261720.24,409,856,476,630,203,fist,
32.4819049835,1580261720.26,410,852,472,626,201,fist,
32.5065159798,1580261720.28,411,847,464,624,205,fist,
32.5311191082,1580261720.31,410,841,452,623,200,fist,
32.5514709949,1580261720.33,411,839,447,620,203,fist,
32.5760979652,1580261720.35,414,838,443,618,203,fist,
32.5966601372,1580261720.37,415,837,444,618,205,fist,
32.6213040352,1580261720.4,412,836,447,614,204,fist,
32.645637989,1580261720.42,414,834,451,614,202,fist,
32.6662251949,1580261720.44,414,835,452,615,206,fist,
32.6910851002,1580261720.47,415,835,452,614,205,fist,
32.7112791538,1580261720.49,414,837,452,612,204,fist,
32.7361581326,1580261720.51,414,836,452,609,204,fist,
32.7603740692,1580261720.54,417,837,452,612,205,fist,
32.7810270786,1580261720.56,416,837,455,614,206,fist,
32.8057050705,1580261720.58,415,834,457,613,206,fist,
32.8260350227,1580261720.6,416,835,459,613,204,fist,
32.8504331112,1580261720.63,416,834,460,616,207,fist,
32.8710911274,1580261720.65,416,834,462,617,206,fist,
32.8955950737,1580261720.67,416,835,463,616,205,fist,
32.9204471111,1580261720.7,415,832,465,614,205,fist,
32.9408521652,1580261720.72,416,835,466,616,205,fist,
32.9652321339,1580261720.74,416,836,466,616,206,fist,
32.9857029915,1580261720.76,414,835,466,616,206,fist,
33.0103120804,1580261720.79,413,836,464,614,203,fist,
33.035161972,1580261720.81,416,836,468,617,207,fist,
33.0553181171,1580261720.83,416,838,468,619,205,fist,
33.0799369812,1580261720.86,415,839,467,618,205,fist,
33.1005561352,1580261720.88,416,839,470,617,204,fist,
33.1248881817,1580261720.9,416,841,469,618,204,fist,
33.1494340897,1580261720.93,416,841,472,618,206,fist,
33.1700940132,1580261720.95,414,840,471,617,205,fist,
33.1946339607,1580261720.97,414,841,471,616,205,fist,
33.2150740623,1580261720.99,416,841,472,618,206,fist,
33.2399411201,1580261721.02,415,842,473,619,205,fist,
33.2601971626,1580261721.04,415,841,473,617,204,fist,
33.2847421169,1580261721.06,415,841,473,617,206,fist,
33.3093140125,1580261721.09,416,841,475,620,206,fist,
33.3297970295,1580261721.11,415,839,475,618,206,fist,
33.3542051315,1580261721.13,414,838,474,618,202,fist,
33.3747410774,1580261721.15,414,838,475,616,203,fist,
33.3996920586,1580261721.18,416,839,477,619,207,fist,
33.4243311882,1580261721.2,415,836,476,620,206,fist,
33.444411993,1580261721.22,414,838,477,619,206,fist,
33.4693880081,1580261721.25,415,837,478,620,207,fist,
33.4895961285,1580261721.27,415,837,478,621,208,fist,
33.5142951012,1580261721.29,414,838,477,621,205,fist,
33.5386769772,1580261721.32,414,837,476,620,206,fist,
33.55925107,1580261721.34,414,837,478,621,205,fist,
33.5836851597,1580261721.36,416,837,479,623,207,fist,
33.6042881012,1580261721.38,414,837,480,623,206,fist,
33.6288340092,1580261721.41,414,837,481,622,206,fist,
33.6492810249,1580261721.43,413,838,479,622,206,fist,
33.6739490032,1580261721.45,415,836,481,622,207,fist,
33.6983909607,1580261721.48,415,837,483,623,207,fist,
33.7192051411,1580261721.5,414,837,482,622,206,fist,
33.7435359955,1580261721.52,415,836,481,622,207,fist,
33.7640440464,1580261721.54,415,836,481,625,208,fist,
33.7889511585,1580261721.57,415,835,482,621,207,fist,
33.813076973,1580261721.59,412,834,480,620,206,fist,
33.8337271214,1580261721.61,415,834,479,618,205,fist,
33.85871315,1580261721.64,415,834,477,619,208,fist,
33.8787741661,1580261721.66,415,834,474,617,207,fist,
33.9035069942,1580261721.68,414,833,472,615,203,fist,
33.9277920723,1580261721.71,415,833,473,615,205,fist,
33.9483060837,1580261721.73,414,832,473,615,206,fist,
33.9732401371,1580261721.75,415,830,472,612,205,fist,
33.9983119965,1580261721.78,414,832,472,611,204,fist,
34.0184431076,1580261721.8,415,832,472,612,206,fist,
34.0382680893,1580261721.82,416,832,474,611,205,fist,
34.0628740788,1580261721.84,413,832,475,610,205,fist,
34.08751297,1580261721.87,413,830,474,608,205,fist,
34.1082670689,1580261721.89,415,831,475,607,203,fist,
34.132748127,1580261721.91,416,832,476,609,207,fist,
34.1532301903,1580261721.93,414,832,474,608,203,fist,
34.1777310371,1580261721.96,415,833,476,607,204,fist,
34.2022271156,1580261721.98,416,834,477,606,206,fist,
34.2229959965,1580261722.0,416,833,477,608,205,fist,
34.247407198,1580261722.03,415,833,477,607,204,fist,
34.2680351734,1580261722.05,415,833,479,607,205,fist,
34.2924110889,1580261722.07,414,835,477,608,204,fist,
34.3168861866,1580261722.1,416,833,478,609,206,fist,
34.3373701572,1580261722.12,416,836,479,610,205,fist,
34.3620510101,1580261722.14,414,834,479,610,205,fist,
34.3825461864,1580261722.16,417,835,481,612,206,fist,
34.4074671268,1580261722.19,416,835,481,614,206,fist,
34.4278290272,1580261722.21,414,834,479,611,206,fist,
34.4524691105,1580261722.23,415,832,479,611,205,fist,
34.4767360687,1580261722.26,415,832,478,611,205,fist,
34.4972741604,1580261722.28,415,832,478,611,206,fist,
34.5219771862,1580261722.3,415,833,476,610,202,fist,
34.5423870087,1580261722.32,415,832,475,611,205,fist,
34.5671620369,1580261722.35,416,833,475,613,205,fist,
34.5914549828,1580261722.37,416,832,475,614,206,fist,
34.6119639874,1580261722.39,415,830,476,613,205,fist,
34.6369211674,1580261722.42,414,833,475,614,204,fist,
34.6570751667,1580261722.44,415,833,477,613,205,fist,
34.6818020344,1580261722.46,416,834,478,615,206,fist,
34.706261158,1580261722.48,415,835,478,615,205,fist,
34.7267491817,1580261722.51,413,833,479,615,207,fist,
34.7511739731,1580261722.53,416,834,478,618,206,fist,
34.7716960907,1580261722.55,414,834,478,617,207,fist,
34.7962970734,1580261722.57,414,832,477,616,203,fist,
34.8166441917,1580261722.59,415,834,478,615,205,fist,
34.8419921398,1580261722.62,415,835,478,616,206,fist,
34.8660581112,1580261722.64,414,833,477,617,206,fist,
34.8865029812,1580261722.66,414,834,477,616,203,fist,
34.9108569622,1580261722.69,413,836,478,615,204,fist,
34.9316020012,1580261722.71,414,837,477,617,206,fist,
34.956058979,1580261722.73,415,837,477,616,205,fist,
34.9806141853,1580261722.76,413,838,478,615,204,fist,
35.001183033,1580261722.78,414,839,478,614,205,fist,
35.0259900093,1580261722.8,415,838,479,615,207,fist,
35.0463120937,1580261722.82,414,838,477,615,206,fist,
35.0705661774,1580261722.85,412,838,478,612,205,fist,
35.0955469608,1580261722.87,414,838,477,614,206,fist,
35.1156990528,1580261722.89,415,838,477,615,207,fist,
35.1402521133,1580261722.92,415,838,477,614,206,fist,
35.1607921124,1580261722.94,414,835,476,613,205,fist,
35.1855740547,1580261722.96,415,836,475,612,206,fist,
35.2059700489,1580261722.98,415,837,475,615,206,fist,
35.230492115,1580261723.01,415,836,474,616,206,fist,
35.2550339699,1580261723.03,415,836,474,613,204,fist,
35.2755391598,1580261723.05,414,836,474,614,204,fist,
35.3001480103,1580261723.08,415,836,474,616,207,fist,
35.3206040859,1580261723.1,416,836,474,616,206,fist,
35.3454661369,1580261723.12,414,836,472,616,203,fist,
35.369713068,1580261723.15,416,836,472,617,205,fist,
35.3903110027,1580261723.17,415,836,473,618,206,fist,
35.4149720669,1580261723.19,415,836,475,616,206,fist,
35.435541153,1580261723.21,412,835,474,615,205,fist,
35.4602570534,1580261723.24,414,835,474,616,204,fist,
35.4843571186,1580261723.26,415,836,474,617,207,fist,
35.505177021,1580261723.28,415,835,473,616,205,fist,
35.5293970108,1580261723.31,413,836,475,616,204,fist,
35.5502281189,1580261723.33,415,835,473,616,205,fist,
35.5748031139,1580261723.35,414,836,473,617,204,fist,
35.5952911377,1580261723.37,414,835,473,616,206,fist,
35.6198310852,1580261723.4,414,836,475,616,204,fist,
35.644520998,1580261723.42,414,837,475,617,204,fist,
35.6647310257,1580261723.44,416,837,478,618,207,fist,
35.6894199848,1580261723.47,415,837,477,618,206,fist,
35.7102169991,1580261723.49,414,837,476,616,205,fist,
35.7347140312,1580261723.51,415,838,477,615,207,fist,
35.7589249611,1580261723.54,414,837,476,617,206,fist,
35.7795619965,1580261723.56,414,837,478,618,205,fist,
35.8043451309,1580261723.58,414,837,477,616,205,fist,
35.8244731426,1580261723.6,414,837,476,615,206,fist,
35.8490409851,1580261723.63,415,837,476,616,207,fist,
35.8736481667,1580261723.65,413,838,475,616,204,fist,
35.8941931725,1580261723.67,413,836,474,614,203,fist,
35.9186820984,1580261723.7,415,838,477,616,205,fist,
35.9392230511,1580261723.72,415,838,476,617,206,fist,
35.9637470245,1580261723.74,414,836,477,617,205,fist,
35.9842970371,1580261723.76,412,838,476,618,204,fist,
36.0090191364,1580261723.79,415,838,477,618,206,fist,
36.0333809853,1580261723.81,415,838,478,621,207,fist,
36.0538470745,1580261723.83,413,838,478,620,205,fist,
36.0785391331,1580261723.86,414,839,479,619,205,fist,
36.0990781784,1580261723.88,414,839,481,621,205,fist,
36.1234741211,1580261723.9,414,839,481,621,207,fist,
36.1480331421,1580261723.93,413,837,481,619,205,fist,
36.1686031818,1580261723.95,412,838,481,620,205,fist,
36.193144083,1580261723.97,414,839,481,621,206,fist,
36.2136900425,1580261723.99,413,839,480,622,206,fist,
36.2384810448,1580261724.02,413,837,481,619,205,fist,
36.2628440857,1580261724.04,413,839,480,622,205,fist,
36.2832400799,1580261724.06,414,839,482,624,207,fist,
36.3077721596,1580261724.09,414,840,482,624,206,fist,
36.3283810616,1580261724.11,413,840,482,625,205,fist,
36.3528511524,1580261724.13,413,840,484,624,205,fist,
36.3737471104,1580261724.15,414,840,484,626,206,fist,
36.3979551792,1580261724.18,414,840,484,627,207,fist,
36.4226570129,1580261724.2,411,840,484,626,206,fist,
36.4432480335,1580261724.22,414,840,485,625,205,fist,
36.4678730965,1580261724.25,414,839,485,626,206,fist,
36.4882001877,1580261724.27,414,839,485,625,207,fist,
36.5130741596,1580261724.29,413,839,484,622,204,fist,
36.5376691818,1580261724.32,413,840,483,621,205,fist,
36.5577201843,1580261724.34,414,839,482,621,206,fist,
36.582362175,1580261724.36,414,838,483,619,207,fist,
36.6029779911,1580261724.38,414,838,484,618,203,fist,
36.6276550293,1580261724.41,413,838,484,617,206,fist,
36.6518700123,1580261724.43,415,838,484,619,206,fist,
36.6725151539,1580261724.45,414,839,485,620,206,fist,
36.6969950199,1580261724.48,411,840,488,619,205,fist,
36.7176091671,1580261724.5,412,842,489,620,205,fist,
36.7421431541,1580261724.52,412,842,495,622,205,fist,
36.7626750469,1580261724.54,410,842,496,622,204,fist,
36.7871491909,1580261724.57,409,842,496,623,203,fist,
36.8116521835,1580261724.59,409,842,494,625,203,fist,
36.8324491978,1580261724.61,411,843,493,627,205,fist,
36.8567671776,1580261724.64,409,843,490,627,204,fist,
36.8776111603,1580261724.66,409,840,491,623,202,fist,
36.9019811153,1580261724.68,411,843,492,625,201,fist,
36.9266541004,1580261724.7,410,841,491,626,204,fist,
36.9469330311,1580261724.73,410,842,491,625,204,fist,
36.971791029,1580261724.75,409,841,490,623,203,fist,
36.9922451973,1580261724.77,409,841,490,623,203,fist,
37.016561985,1580261724.79,410,842,490,625,204,fist,
37.0414409637,1580261724.82,410,841,489,625,202,fist,
37.0617330074,1580261724.84,409,842,490,624,203,fist,
37.0861949921,1580261724.86,410,841,489,624,203,fist,
37.1068210602,1580261724.89,410,841,489,625,204,fist,
37.1311440468,1580261724.91,409,841,490,624,204,fist,
37.1517109871,1580261724.93,408,841,489,621,203,fist,
37.1766011715,1580261724.95,410,839,488,619,203,fist,
37.2011761665,1580261724.98,411,840,487,620,205,fist,
37.2214021683,1580261725.0,411,840,488,617,203,fist,
38.6719560623,1580261726.45,410,837,488,615,202,one,
38.6724820137,1580261726.45,411,838,487,615,201,one,
38.6729571819,1580261726.45,411,836,488,615,204,one,
38.6734261513,1580261726.45,410,835,488,612,202,one,
38.6739311218,1580261726.45,408,835,486,611,202,one,
38.6743991375,1580261726.45,411,834,488,612,202,one,
38.6748640537,1580261726.45,412,835,489,614,203,one,
38.6753280163,1580261726.45,409,835,489,613,202,one,
38.6758050919,1580261726.45,411,835,489,613,201,one,
38.6762700081,1580261726.45,410,835,488,614,202,one,
38.6767389774,1580261726.46,411,834,488,614,203,one,
38.6772050858,1580261726.46,410,836,487,614,200,one,
38.6777119637,1580261726.46,411,834,487,612,202,one,
38.6785080433,1580261726.46,412,836,488,615,202,one,
38.6790220737,1580261726.46,412,836,489,617,204,one,
38.6794991493,1580261726.46,410,835,488,616,203,one,
38.6799690723,1580261726.46,410,835,489,615,202,one,
38.6804330349,1580261726.46,411,836,489,617,204,one,
38.6808981895,1580261726.46,411,836,489,618,203,one,
38.6815991402,1580261726.46,411,835,490,616,201,one,
38.6823480129,1580261726.46,411,838,490,618,202,one,
38.6831409931,1580261726.46,411,839,492,622,203,one,
38.6839430332,1580261726.46,411,843,496,628,205,one,
38.6847970486,1580261726.46,410,845,499,631,204,one,
38.6854610443,1580261726.46,408,848,500,633,204,one,
38.6861021519,1580261726.46,410,849,502,638,205,one,
38.6866300106,1580261726.46,410,853,503,640,204,one,
38.6871249676,1580261726.47,407,855,504,639,204,one,
38.6876151562,1580261726.47,409,856,509,638,202,one,
38.6881029606,1580261726.47,408,858,509,640,203,one,
38.688598156,1580261726.47,408,859,512,641,204,one,
38.6891219616,1580261726.47,407,860,516,639,202,one,
38.6896781921,1580261726.47,406,860,517,640,201,one,
38.6902019978,1580261726.47,405,862,520,642,203,one,
38.6907260418,1580261726.47,405,863,522,644,203,one,
38.6912481785,1580261726.47,404,863,523,645,200,one,
38.6917700768,1580261726.47,404,865,524,643,201,one,
38.6922881603,1580261726.47,404,864,525,645,201,one,
38.6928040981,1580261726.47,404,864,527,645,203,one,
38.6933300495,1580261726.47,403,865,525,645,199,one,
38.6938719749,1580261726.47,402,865,527,644,200,one,
38.6943941116,1580261726.47,405,868,525,649,202,one,
38.695029974,1580261726.47,404,869,524,650,203,one,
38.6954259872,1580261726.47,403,870,523,650,203,one,
38.6957881451,1580261726.47,403,871,522,651,200,one,
38.696130991,1580261726.47,403,871,524,652,203,one,
38.696475029,1580261726.47,403,872,524,653,203,one,
38.696819067,1580261726.48,403,873,524,653,200,one,
38.6972680092,1580261726.48,402,873,527,652,202,one,
38.6977801323,1580261726.48,404,873,526,655,203,one,
38.698289156,1580261726.48,402,874,528,655,202,one,
38.6986641884,1580261726.48,402,873,528,653,202,one,
38.699007988,1580261726.48,401,873,528,654,200,one,
38.6993479729,1580261726.48,403,871,529,654,203,one,
38.6996669769,1580261726.48,402,872,529,655,203,one,
38.6999220848,1580261726.48,401,872,528,653,200,one,
38.7001781464,1580261726.48,402,871,530,654,203,one,
38.7004320621,1580261726.48,403,872,529,655,204,one,
38.70068717,1580261726.48,403,870,530,655,204,one,
38.7009441853,1580261726.48,401,870,529,653,200,one,
38.7012000084,1580261726.48,403,871,529,653,202,one,
38.7014551163,1580261726.48,403,870,529,654,203,one,
38.7017211914,1580261726.48,402,870,529,654,202,one,
38.7019779682,1580261726.48,400,869,529,653,202,one,
38.7123320103,1580261726.49,402,869,529,652,202,one,
38.7327830791,1580261726.51,402,870,529,653,203,one,
38.7573840618,1580261726.54,403,869,528,653,202,one,
38.7781691551,1580261726.56,400,869,525,652,202,one,
38.8026981354,1580261726.58,402,868,529,651,202,one,
38.8230330944,1580261726.6,404,869,529,653,202,one,
38.8476440907,1580261726.63,402,870,529,653,203,one,
38.8721830845,1580261726.65,402,868,529,653,200,one,
38.8929691315,1580261726.67,402,870,529,653,202,one,
38.9172461033,1580261726.7,403,869,529,654,205,one,
38.9377641678,1580261726.72,402,867,530,652,202,one,
38.96235919,1580261726.74,401,867,528,649,201,one,
38.9868681431,1580261726.77,402,866,525,646,203,one,
39.0077881813,1580261726.79,402,865,523,643,202,one,
39.0318779945,1580261726.81,401,863,520,640,201,one,
39.0523951054,1580261726.83,400,861,521,637,200,one,
39.0769979954,1580261726.86,398,862,517,635,199,one,
39.1019630432,1580261726.88,401,860,517,634,201,one,
39.1220450401,1580261726.9,401,861,513,631,199,one,
39.146821022,1580261726.93,399,863,510,629,199,one,
39.1674420834,1580261726.95,400,864,511,628,200,one,
39.1916999817,1580261726.97,400,865,508,628,200,one,
39.2122371197,1580261726.99,398,864,507,625,201,one,
39.2371230125,1580261727.02,399,864,504,622,196,one,
39.2616980076,1580261727.04,398,865,502,621,198,one,
39.28196311,1580261727.06,399,865,503,621,199,one,
39.3066020012,1580261727.08,398,865,502,619,199,one,
39.3272650242,1580261727.11,398,865,498,616,198,one,
39.3514270782,1580261727.13,400,865,498,615,201,one,
39.3763401508,1580261727.15,398,864,498,615,199,one,
39.3965911865,1580261727.17,398,865,498,611,199,one,
39.4210731983,1580261727.2,398,866,496,606,196,one,
39.441931963,1580261727.22,399,866,494,602,198,one,
39.4663660526,1580261727.24,401,866,493,601,199,one,
39.4906749725,1580261727.27,399,866,492,597,197,one,
39.5114209652,1580261727.29,400,866,491,594,199,one,
39.535982132,1580261727.31,401,867,488,595,199,one,
39.5563240051,1580261727.33,401,866,488,595,199,one,
39.5808620453,1580261727.36,400,867,487,593,195,one,
39.6017611027,1580261727.38,400,867,487,592,197,one,
39.6260821819,1580261727.4,401,867,486,591,197,one,
39.6504421234,1580261727.43,402,868,485,591,198,one,
39.6713020802,1580261727.45,400,867,484,589,196,one,
39.6956090927,1580261727.47,401,867,483,589,197,one,
39.7160949707,1580261727.49,402,868,481,589,199,one,
39.741091013,1580261727.52,403,866,481,587,199,one,
39.7652180195,1580261727.54,404,868,479,586,197,one,
39.7858731747,1580261727.56,404,868,477,585,196,one,
39.8104820251,1580261727.59,406,867,475,585,199,one,
39.8308770657,1580261727.61,407,868,474,587,199,one,
39.855273962,1580261727.63,407,868,472,583,198,one,
39.8800241947,1580261727.66,407,868,470,583,196,one,
39.9004900455,1580261727.68,408,868,469,584,199,one,
39.9252901077,1580261727.7,408,867,470,584,199,one,
39.9457690716,1580261727.72,405,868,470,584,198,one,
39.9700431824,1580261727.75,406,868,471,582,197,one,
39.9907591343,1580261727.77,408,868,470,584,198,one,
40.0151560307,1580261727.79,407,868,469,585,198,one,
40.0397691727,1580261727.82,407,868,469,584,197,one,
40.0602021217,1580261727.84,408,868,469,583,196,one,
40.0846860409,1580261727.86,408,867,470,584,199,one,
40.1054279804,1580261727.88,409,868,471,586,198,one,
40.1297450066,1580261727.91,406,869,469,586,195,one,
40.1544520855,1580261727.93,407,866,470,584,198,one,
40.1752300262,1580261727.95,407,868,472,588,198,one,
40.1995530128,1580261727.98,406,869,473,588,198,one,
40.2199499607,1580261728.0,406,868,473,585,197,one,
40.2445070744,1580261728.02,406,868,472,585,196,one,
40.2690651417,1580261728.05,407,868,473,587,199,one,
40.2897231579,1580261728.07,406,868,474,587,198,one,
40.3140799999,1580261728.09,406,868,471,586,198,one,
40.3349790573,1580261728.11,407,867,474,586,197,one,
40.3595130444,1580261728.14,407,868,473,588,198,one,
40.3797881603,1580261728.16,406,868,475,587,198,one,
40.4046211243,1580261728.18,406,868,475,587,194,one,
40.4288060665,1580261728.21,405,869,476,587,197,one,
40.4493291378,1580261728.23,408,869,476,590,199,one,
40.4738800526,1580261728.25,406,869,477,591,199,one,
40.4944760799,1580261728.27,406,868,476,588,199,one,
40.5191631317,1580261728.3,406,870,477,588,198,one,
40.5435600281,1580261728.32,406,870,477,589,199,one,
40.5641171932,1580261728.34,405,868,477,589,199,one,
40.5885090828,1580261728.37,406,869,476,588,197,one,
40.6094591618,1580261728.39,406,868,478,588,198,one,
40.6337120533,1580261728.41,408,869,479,590,200,one,
40.6583480835,1580261728.44,406,868,479,590,199,one,
40.6787800789,1580261728.46,406,866,480,589,198,one,
40.7032511234,1580261728.48,407,868,479,590,198,one,
40.7237751484,1580261728.5,407,868,481,591,200,one,
40.748401165,1580261728.53,407,868,482,591,199,one,
40.7690780163,1580261728.55,406,868,481,589,198,one,
40.7934889793,1580261728.57,407,867,481,590,200,one,
40.8179411888,1580261728.6,408,867,481,592,200,one,
40.8387210369,1580261728.62,407,866,481,590,200,one,
40.8631970882,1580261728.64,406,867,481,590,199,one,
40.8836011887,1580261728.66,407,867,482,590,200,one,
40.9083790779,1580261728.69,407,867,480,592,200,one,
40.9326970577,1580261728.71,406,868,482,592,201,one,
40.95322299,1580261728.73,406,867,481,590,196,one,
40.9780240059,1580261728.76,406,867,482,591,199,one,
40.9983460903,1580261728.78,406,868,481,594,199,one,
41.0229260921,1580261728.8,406,865,482,592,200,one,
41.0473201275,1580261728.83,407,866,483,593,199,one,
41.0689501762,1580261728.85,407,868,482,595,200,one,
41.0922551155,1580261728.87,407,868,483,595,199,one,
41.1129920483,1580261728.89,405,867,483,596,201,one,
41.1374781132,1580261728.92,406,867,485,594,199,one,
41.1580550671,1580261728.94,406,867,483,594,199,one,
41.1825120449,1580261728.96,407,867,483,596,200,one,
41.2071759701,1580261728.99,406,868,484,593,200,one,
41.2280361652,1580261729.01,406,867,484,594,198,one,
41.2522220612,1580261729.03,406,868,485,595,200,one,
41.272837162,1580261729.05,407,867,484,596,201,one,
41.2973690033,1580261729.08,403,868,484,595,198,one,
41.3217980862,1580261729.1,406,867,485,595,200,one,
41.3424940109,1580261729.12,406,868,483,596,198,one,
41.3671371937,1580261729.15,406,867,485,596,201,one,
41.3875281811,1580261729.17,405,868,484,596,200,one,
41.4120371342,1580261729.19,404,867,485,596,197,one,
41.4367690086,1580261729.22,406,867,485,594,200,one,
41.4573411942,1580261729.24,406,867,484,598,199,one,
41.4816420078,1580261729.26,405,867,482,596,200,one,
41.5021700859,1580261729.28,403,867,483,595,197,one,
41.5266711712,1580261729.3,406,867,483,598,199,one,
41.5471980572,1580261729.33,406,867,484,598,200,one,
41.5720500946,1580261729.35,405,868,483,597,197,one,
41.5964531898,1580261729.37,406,867,484,596,198,one,
41.6167781353,1580261729.4,406,867,485,597,200,one,
41.6416890621,1580261729.42,404,868,485,598,199,one,
41.6619729996,1580261729.44,403,866,483,597,199,one,
41.6866431236,1580261729.46,406,868,486,596,199,one,
41.711163044,1580261729.49,405,867,485,598,200,one,
41.731564045,1580261729.51,406,867,487,599,201,one,
41.7560791969,1580261729.53,403,867,485,598,200,one,
41.7768330574,1580261729.56,405,867,487,597,200,one,
41.8015360832,1580261729.58,406,867,487,598,200,one,
41.8259820938,1580261729.6,405,867,486,600,200,one,
41.846487999,1580261729.62,403,866,487,597,199,one,
41.8706951141,1580261729.65,404,867,487,596,200,one,
41.8915760517,1580261729.67,405,867,486,598,200,one,
41.9158470631,1580261729.69,405,867,485,598,201,one,
41.9363629818,1580261729.71,404,866,487,596,198,one,
41.9609241486,1580261729.74,404,865,487,596,199,one,
41.9853730202,1580261729.76,405,868,486,598,199,one,
42.0060901642,1580261729.78,405,867,487,597,199,one,
42.0305449963,1580261729.81,404,866,487,594,198,one,
42.0510699749,1580261729.83,405,867,485,596,198,one,
42.0757620335,1580261729.85,405,867,486,597,200,one,
42.1002440453,1580261729.88,404,867,485,598,199,one,
42.1209230423,1580261729.9,403,867,485,596,198,one,
42.1451849937,1580261729.92,403,866,484,598,197,one,
42.1659719944,1580261729.94,404,867,484,600,198,one,
42.1904361248,1580261729.97,403,867,484,600,198,one,
42.2148311138,1580261729.99,403,867,484,599,197,one,
42.2356870174,1580261730.01,402,867,485,600,198,one,
42.2601721287,1580261730.04,403,867,484,601,199,one,
42.2804760933,1580261730.06,400,866,484,600,198,one,
42.3053450584,1580261730.08,400,866,485,599,198,one,
42.3255660534,1580261730.1,402,866,484,600,197,one,
42.3500840664,1580261730.13,403,867,484,601,199,one,
42.3748381138,1580261730.15,402,867,483,599,198,one,
42.3950769901,1580261730.17,400,866,484,598,197,one,
42.4198820591,1580261730.2,401,865,484,600,197,one,
42.4405651093,1580261730.22,402,865,484,602,199,one,
42.4648151398,1580261730.24,400,864,485,603,197,one,
42.4893050194,1580261730.27,399,862,486,603,196,one,
42.5100631714,1580261730.29,400,863,487,604,197,one,
42.5347061157,1580261730.31,400,864,488,607,198,one,
42.5548820496,1580261730.33,399,863,487,607,198,one,
42.5795090199,1580261730.36,398,864,490,605,196,one,
42.6039361954,1580261730.38,400,860,491,607,199,one,
42.6248891354,1580261730.4,401,863,491,609,198,one,
42.6490371227,1580261730.43,399,862,490,608,198,one,
42.6696009636,1580261730.45,401,861,491,607,196,one,
42.6942510605,1580261730.47,400,862,489,607,198,one,
42.7147400379,1580261730.49,401,862,491,607,200,one,
42.7393331528,1580261730.52,399,862,491,608,198,one,
42.76405406,1580261730.54,401,864,494,609,197,one,
42.784291029,1580261730.56,400,866,498,614,198,one,
42.8092551231,1580261730.59,402,867,499,617,200,one,
42.8296999931,1580261730.61,400,867,500,620,197,one,
42.8538501263,1580261730.63,400,867,501,621,199,one,
42.87849617,1580261730.66,400,868,504,624,199,one,
42.8990211487,1580261730.68,402,867,506,627,200,one,
42.9234969616,1580261730.7,400,868,507,628,200,one,
42.9445471764,1580261730.72,400,868,509,628,199,one,
42.9690341949,1580261730.75,403,869,510,632,199,one,
42.9931981564,1580261730.77,401,870,511,634,200,one,
43.0137560368,1580261730.79,399,869,511,634,202,one,
43.0384070873,1580261730.82,399,868,512,636,200,one,
43.0587410927,1580261730.84,400,869,514,637,201,one,
43.0834980011,1580261730.86,401,870,514,639,202,one,
43.1041240692,1580261730.88,400,868,516,639,200,one,
43.1283349991,1580261730.91,400,870,517,638,200,one,
43.1528229713,1580261730.93,401,869,518,640,201,one,
43.1734931469,1580261730.95,400,870,517,641,202,one,
43.197988987,1580261730.98,399,869,516,640,201,one,
43.2185311317,1580261731.0,398,869,517,639,198,one,
43.2432341576,1580261731.02,400,868,518,639,201,one,
43.2675521374,1580261731.05,401,869,518,641,201,one,
43.2881059647,1580261731.07,399,869,518,640,200,one,
43.3127560616,1580261731.09,401,869,520,638,199,one,
43.3334591389,1580261731.11,401,869,519,640,202,one,
43.3581449986,1580261731.14,400,869,519,639,202,one,
43.3822720051,1580261731.16,400,868,519,637,200,one,
43.403124094,1580261731.18,400,869,519,637,200,one,
43.4273819923,1580261731.21,400,869,519,638,201,one,
43.4479441643,1580261731.23,400,869,519,639,200,one,
43.4728720188,1580261731.25,400,868,519,638,200,one,
43.4931299686,1580261731.27,399,871,519,637,200,one,
43.5176050663,1580261731.3,399,869,519,638,202,one,
43.5422801971,1580261731.32,400,868,520,638,202,one,
43.5626909733,1580261731.34,399,869,518,636,198,one,
43.5873610973,1580261731.37,399,868,518,636,201,one,
43.6079859734,1580261731.39,401,869,520,638,200,one,
43.6322200298,1580261731.41,400,869,519,639,199,one,
43.6569890976,1580261731.44,400,866,519,636,199,one,
43.6777260303,1580261731.46,399,868,519,637,200,one,
