delta Time, Unix Time, pr1, pr2, pr3, pr4, pr5, label
0.802842855453,1580261826.46,403,867,501,637,216,extend,
0.803912878036,1580261826.46,404,867,501,637,217,extend,
0.804376840591,1580261826.46,401,867,501,636,215,extend,
0.804823875427,1580261826.46,402,866,500,636,213,extend,
0.805293798447,1580261826.46,404,867,501,636,215,extend,
0.805751800537,1580261826.46,403,867,501,637,216,extend,
0.806605815887,1580261826.46,404,867,501,637,217,extend,
0.807075977325,1580261826.46,401,867,501,636,215,extend,
0.807537794113,1580261826.46,402,866,500,636,213,extend,
0.808001995087,1580261826.46,404,867,501,636,215,extend,
0.808463811874,1580261826.46,403,867,501,637,216,extend,
1.64882588387,1580261827.3,414,817,394,408,198,extend,
1.67358994484,1580261827.33,414,816,394,408,197,extend,
1.69408082962,1580261827.35,413,816,394,406,195,extend,
1.71856999397,1580261827.37,414,817,392,409,196,extend,
1.73904490471,1580261827.39,413,817,395,405,197,extend,
1.76346588135,1580261827.42,414,818,394,409,196,extend,
1.78798890114,1580261827.44,414,818,394,411,198,extend,
1.80864691734,1580261827.46,413,818,395,411,197,extend,
1.83343482018,1580261827.49,413,817,393,407,195,extend,
1.85363483429,1580261827.51,414,819,396,412,198,extend,
1.87817978859,1580261827.53,414,819,395,414,198,extend,
1.90272688866,1580261827.56,411,819,394,413,198,extend,
1.92334580421,1580261827.58,414,819,396,412,197,extend,
1.94778084755,1580261827.6,414,820,395,415,197,extend,
1.9686498642,1580261827.62,414,819,396,418,199,extend,
1.99308586121,1580261827.65,415,820,398,416,198,extend,
2.01748991013,1580261827.67,412,819,395,418,197,extend,
2.0382668972,1580261827.69,414,820,398,420,201,extend,
2.06262493134,1580261827.72,414,820,398,423,199,extend,
2.08313298225,1580261827.74,412,819,395,421,199,extend,
2.10759186745,1580261827.76,413,820,398,421,198,extend,
2.12799477577,1580261827.78,413,820,398,424,197,extend,
2.15290999413,1580261827.81,413,820,398,427,200,extend,
2.17703795433,1580261827.83,413,819,400,425,199,extend,
2.19773697853,1580261827.85,411,819,399,426,198,extend,
2.22256183624,1580261827.88,413,818,401,426,201,extend,
2.24313187599,1580261827.9,413,820,401,430,199,extend,
2.26767992973,1580261827.92,412,820,400,429,200,extend,
2.29212999344,1580261827.95,413,817,400,429,200,extend,
2.31255578995,1580261827.97,413,820,402,433,200,extend,
2.33702397346,1580261827.99,413,819,403,434,201,extend,
2.35758399963,1580261828.01,412,819,402,433,198,extend,
2.38229680061,1580261828.04,412,820,401,433,200,extend,
2.40661692619,1580261828.06,413,819,404,433,202,extend,
2.42722177505,1580261828.08,413,819,404,435,201,extend,
2.45171093941,1580261828.11,412,819,402,433,200,extend,
2.47231698036,1580261828.13,412,817,405,433,201,extend,
2.49684000015,1580261828.15,412,820,404,436,201,extend,
2.51723480225,1580261828.17,413,819,405,435,202,extend,
2.54192399979,1580261828.2,411,821,404,433,200,extend,
2.56675291061,1580261828.22,412,823,401,430,200,extend,
2.58697795868,1580261828.24,414,827,400,430,202,extend,
2.61154389381,1580261828.26,413,829,398,427,200,extend,
2.6322889328,1580261828.29,414,829,396,422,200,extend,
2.65660095215,1580261828.31,415,828,395,421,199,extend,
2.68106889725,1580261828.33,415,830,394,421,200,extend,
2.70205187798,1580261828.36,415,830,394,419,200,extend,
2.72613382339,1580261828.38,415,828,394,417,199,extend,
2.74679684639,1580261828.4,414,828,394,417,198,extend,
2.77155685425,1580261828.42,416,827,394,420,201,extend,
2.79582595825,1580261828.45,415,827,392,420,200,extend,
2.81634187698,1580261828.47,415,826,393,417,199,extend,
2.8412258625,1580261828.49,416,826,395,419,199,extend,
2.86138391495,1580261828.51,416,828,393,422,201,extend,
2.88610887527,1580261828.54,416,828,393,420,201,extend,
2.90688681602,1580261828.56,413,827,391,419,198,extend,
2.93105792999,1580261828.58,415,827,393,420,200,extend,
2.95593380928,1580261828.61,415,827,395,422,202,extend,
2.97637081146,1580261828.63,413,827,395,422,200,extend,
3.00098395348,1580261828.65,414,827,392,421,200,extend,
3.0211918354,1580261828.67,416,827,393,422,202,extend,
3.04583787918,1580261828.7,414,828,394,425,201,extend,
3.07033586502,1580261828.72,413,828,394,424,199,extend,
3.09103298187,1580261828.74,412,828,395,422,200,extend,
3.11546397209,1580261828.77,415,827,395,424,200,extend,
3.13592100143,1580261828.79,416,828,397,428,202,extend,
3.16043496132,1580261828.81,414,828,394,428,202,extend,
3.18494796753,1580261828.84,414,826,396,426,199,extend,
3.20547485352,1580261828.86,415,827,396,429,202,extend,
3.23000097275,1580261828.88,415,826,397,429,203,extend,
3.25063085556,1580261828.9,414,827,398,428,199,extend,
3.27521085739,1580261828.93,414,827,398,425,200,extend,
3.29569482803,1580261828.95,414,826,398,429,201,extend,
3.3202009201,1580261828.97,415,827,399,432,204,extend,
3.34478878975,1580261829.0,414,827,400,430,199,extend,
3.36545491219,1580261829.02,413,824,399,430,201,extend,
3.38991880417,1580261829.04,415,826,401,433,202,extend,
3.41052699089,1580261829.06,415,826,400,435,203,extend,
3.43496894836,1580261829.09,415,825,403,434,203,extend,
3.45943593979,1580261829.11,412,825,401,433,201,extend,
3.48007798195,1580261829.13,414,824,402,435,203,extend,
3.50490999222,1580261829.16,415,823,402,437,204,extend,
3.52514696121,1580261829.18,414,824,403,435,202,extend,
3.54957389832,1580261829.2,414,824,401,435,202,extend,
3.57454895973,1580261829.23,415,824,403,438,204,extend,
3.5947728157,1580261829.25,414,824,403,440,204,extend,
3.61942386627,1580261829.27,414,824,404,438,203,extend,
3.64012289047,1580261829.29,412,824,402,439,202,extend,
3.66430091858,1580261829.32,414,823,404,439,204,extend,
3.68502879143,1580261829.34,415,824,404,441,204,extend,
3.70940089226,1580261829.36,412,824,404,439,204,extend,
3.73425984383,1580261829.39,413,824,404,437,203,extend,
3.7550098896,1580261829.41,415,824,405,441,204,extend,
3.779088974,1580261829.43,414,824,405,442,205,extend,
3.79960489273,1580261829.45,414,824,405,439,203,extend,
3.82406687737,1580261829.48,413,824,406,443,203,extend,
3.84862589836,1580261829.5,414,826,405,444,204,extend,
3.86939096451,1580261829.52,414,825,407,446,205,extend,
3.89377999306,1580261829.55,414,824,406,443,203,extend,
3.91431593895,1580261829.57,413,823,407,443,203,extend,
3.93878293037,1580261829.59,414,824,405,445,204,extend,
3.96332383156,1580261829.62,414,823,407,446,205,extend,
3.98385095596,1580261829.64,413,824,408,444,203,extend,
4.00861096382,1580261829.66,414,824,406,444,203,extend,
4.02923178673,1580261829.68,414,823,409,447,206,extend,
4.0538828373,1580261829.71,414,824,408,448,205,extend,
4.0742688179,1580261829.73,413,824,407,446,202,extend,
4.09860181808,1580261829.75,413,823,409,447,204,extend,
4.12314081192,1580261829.78,414,824,409,448,205,extend,
4.14367198944,1580261829.8,414,823,408,448,204,extend,
4.16854000092,1580261829.82,413,824,407,447,204,extend,
4.18887400627,1580261829.84,412,822,406,447,205,extend,
4.21327996254,1580261829.87,414,823,409,448,205,extend,
4.23816299438,1580261829.89,414,824,408,449,205,extend,
4.25846982002,1580261829.91,411,824,408,445,203,extend,
4.28290081024,1580261829.94,414,825,407,447,204,extend,
4.30355978012,1580261829.96,414,826,408,452,206,extend,
4.3279838562,1580261829.98,413,826,408,451,206,extend,
4.3524928093,1580261830.01,412,826,408,450,202,extend,
4.37330293655,1580261830.03,413,827,408,451,205,extend,
4.39753580093,1580261830.05,413,829,409,455,206,extend,
4.41812086105,1580261830.07,413,829,409,454,205,extend,
4.44292879105,1580261830.1,410,829,410,453,203,extend,
4.46321988106,1580261830.12,411,829,410,456,204,extend,
4.48776578903,1580261830.14,411,830,410,459,206,extend,
4.51231098175,1580261830.17,412,829,410,458,204,extend,
4.53277587891,1580261830.19,411,831,410,457,202,extend,
4.55775094032,1580261830.21,411,833,410,463,204,extend,
4.57793188095,1580261830.23,412,833,413,467,206,extend,
4.60240077972,1580261830.26,410,835,415,471,204,extend,
4.62700486183,1580261830.28,409,836,414,473,203,extend,
4.64757585526,1580261830.3,408,837,422,483,204,extend,
4.67231678963,1580261830.33,409,839,429,499,207,extend,
4.69264292717,1580261830.35,407,842,438,514,207,extend,
4.71710085869,1580261830.37,405,845,445,527,205,extend,
4.7420527935,1580261830.4,406,850,452,545,206,extend,
4.76235985756,1580261830.42,405,853,460,559,209,extend,
4.78684186935,1580261830.44,403,853,466,570,208,extend,
4.80756592751,1580261830.46,403,854,470,576,207,extend,
4.83214497566,1580261830.49,403,856,475,582,207,extend,
4.85259079933,1580261830.51,402,857,479,589,211,extend,
4.8770070076,1580261830.53,403,858,484,593,212,extend,
4.90179085732,1580261830.56,402,858,485,595,208,extend,
4.92215180397,1580261830.58,402,858,489,599,213,extend,
4.94655299187,1580261830.6,402,858,490,602,212,extend,
4.96718788147,1580261830.62,401,859,492,604,212,extend,
4.99200177193,1580261830.65,401,860,494,606,210,extend,
5.01615381241,1580261830.67,402,861,496,610,212,extend,
5.03705477715,1580261830.69,400,862,498,613,214,extend,
5.0613257885,1580261830.71,401,861,500,614,212,extend,
5.08195495605,1580261830.74,399,861,498,613,210,extend,
5.10663080215,1580261830.76,402,862,501,617,214,extend,
5.13086986542,1580261830.78,403,863,501,619,214,extend,
5.15138077736,1580261830.8,401,863,502,617,213,extend,
5.17592382431,1580261830.83,400,862,501,617,213,extend,
5.19658994675,1580261830.85,402,862,501,618,214,extend,
5.22132992744,1580261830.87,401,861,501,616,215,extend,
5.24197077751,1580261830.9,399,860,500,616,212,extend,
5.26649999619,1580261830.92,401,861,499,615,212,extend,
5.29062080383,1580261830.94,402,861,499,617,214,extend,
5.31120181084,1580261830.96,401,861,499,617,214,extend,
5.33594298363,1580261830.99,399,862,500,618,212,extend,
5.35624694824,1580261831.01,400,861,501,621,212,extend,
5.38090491295,1580261831.03,401,865,501,623,214,extend,
5.40568995476,1580261831.06,402,866,504,626,215,extend,
5.42608499527,1580261831.08,402,867,505,626,214,extend,
5.45040488243,1580261831.1,402,868,506,630,214,extend,
5.47104978561,1580261831.12,404,869,507,631,217,extend,
5.49552989006,1580261831.15,403,869,508,632,217,extend,
5.52014780045,1580261831.17,402,870,506,632,217,extend,
5.54095697403,1580261831.19,403,869,510,631,214,extend,
5.5653128624,1580261831.22,405,870,510,634,217,extend,
5.58582091331,1580261831.24,404,870,510,634,217,extend,
5.6102039814,1580261831.26,404,871,508,633,217,extend,
5.63071990013,1580261831.28,402,870,508,634,217,extend,
5.65556383133,1580261831.31,405,869,511,634,219,extend,
5.67991185188,1580261831.33,404,869,511,633,218,extend,
5.70068693161,1580261831.35,404,869,510,633,216,extend,
5.72519683838,1580261831.38,405,870,511,634,216,extend,
5.74560785294,1580261831.4,404,870,510,636,218,extend,
5.77007889748,1580261831.42,404,869,511,635,218,extend,
5.79455399513,1580261831.45,403,869,511,634,216,extend,
5.81509280205,1580261831.47,404,869,511,634,216,extend,
7.41793394089,1580261833.07,405,870,512,634,219,fist,
7.41852998734,1580261833.07,404,871,510,635,217,fist,
7.41903495789,1580261833.07,402,870,509,634,215,fist,
7.41949391365,1580261833.07,404,869,512,634,217,fist,
7.41994595528,1580261833.07,405,870,511,635,218,fist,
7.42039990425,1580261833.07,403,870,512,634,218,fist,
7.42086291313,1580261833.07,404,870,512,634,215,fist,
7.42131686211,1580261833.07,403,870,512,634,215,fist,
7.42182183266,1580261833.08,405,870,512,635,219,fist,
7.4223408699,1580261833.08,402,870,511,636,217,fist,
7.42284083366,1580261833.08,403,869,512,634,214,fist,
7.42332696915,1580261833.08,403,870,513,633,216,fist,
7.42380595207,1580261833.08,404,870,512,634,217,fist,
7.42428588867,1580261833.08,403,870,513,635,217,fist,
7.42476582527,1580261833.08,402,869,512,633,215,fist,
7.42525196075,1580261833.08,403,870,511,634,216,fist,
7.42578482628,1580261833.08,404,869,512,635,218,fist,
7.42659282684,1580261833.08,401,869,510,634,217,fist,
7.42710900307,1580261833.08,403,868,511,632,214,fist,
7.42759895325,1580261833.08,405,869,512,633,217,fist,
7.42808485031,1580261833.08,403,870,512,635,218,fist,
7.42856884003,1580261833.08,403,868,512,632,217,fist,
7.42906999588,1580261833.08,401,870,511,632,215,fist,
7.42966294289,1580261833.08,403,869,511,634,217,fist,
7.43016982079,1580261833.08,403,870,512,635,217,fist,
7.43067383766,1580261833.08,401,869,509,633,215,fist,
7.4312338829,1580261833.08,402,869,511,632,215,fist,
7.43184089661,1580261833.09,402,869,512,634,218,fist,
7.43260788918,1580261833.09,402,869,512,634,218,fist,
7.43354177475,1580261833.09,402,867,512,633,216,fist,
7.43433380127,1580261833.09,400,869,510,633,214,fist,
7.43509292603,1580261833.09,403,869,511,632,216,fist,
7.43584179878,1580261833.09,402,869,512,634,218,fist,
7.4364798069,1580261833.09,402,871,510,634,214,fist,
7.43696284294,1580261833.09,402,869,511,632,215,fist,
7.43743991852,1580261833.09,403,870,511,634,217,fist,
7.43791079521,1580261833.09,403,870,511,634,217,fist,
7.43837785721,1580261833.09,402,870,510,634,216,fist,
7.43888187408,1580261833.09,402,869,510,633,216,fist,
7.4393529892,1580261833.09,403,870,511,634,216,fist,
7.43982386589,1580261833.09,403,869,510,635,218,fist,
7.44028997421,1580261833.09,401,869,511,634,215,fist,
7.44075894356,1580261833.09,401,869,510,633,216,fist,
7.44122886658,1580261833.09,403,870,509,634,216,fist,
7.44169282913,1580261833.1,403,870,511,634,217,fist,
7.44209599495,1580261833.1,403,870,512,634,216,fist,
7.44250583649,1580261833.1,402,871,510,633,215,fist,
7.44293999672,1580261833.1,403,870,510,634,217,fist,
7.44326591492,1580261833.1,403,870,509,635,217,fist,
7.44357991219,1580261833.1,401,869,508,632,215,fist,
7.44389081001,1580261833.1,402,871,508,633,214,fist,
7.44419884682,1580261833.1,403,871,509,634,216,fist,
7.44450688362,1580261833.1,403,870,508,635,216,fist,
7.44481682777,1580261833.1,403,871,508,633,216,fist,
7.44512677193,1580261833.1,400,871,508,634,214,fist,
7.44544100761,1580261833.1,403,869,508,634,217,fist,
7.44575381279,1580261833.1,403,869,507,634,215,fist,
7.4461479187,1580261833.1,402,870,509,631,215,fist,
7.44648480415,1580261833.1,402,869,509,631,215,fist,
7.44679999352,1580261833.1,403,870,510,633,216,fist,
7.44707489014,1580261833.1,402,869,508,631,217,fist,
7.44730997086,1580261833.1,401,867,509,630,214,fist,
7.44754600525,1580261833.1,401,869,510,628,213,fist,
7.4477930069,1580261833.1,402,869,510,629,216,fist,
7.44802093506,1580261833.1,402,869,509,628,216,fist,
7.44831585884,1580261833.1,399,868,509,627,214,fist,
7.4486989975,1580261833.1,401,867,509,625,215,fist,
7.44937396049,1580261833.1,402,869,508,628,216,fist,
7.45003294945,1580261833.1,400,870,509,627,216,fist,
7.45058083534,1580261833.1,402,871,506,629,213,fist,
7.45086479187,1580261833.1,402,872,504,628,215,fist,
7.46622800827,1580261833.12,403,874,503,630,215,fist,
7.48644185066,1580261833.14,401,874,498,631,212,fist,
7.51100683212,1580261833.16,401,874,497,629,210,fist,
7.53188681602,1580261833.19,402,875,494,627,211,fist,
7.55610394478,1580261833.21,403,875,492,628,213,fist,
7.58079195023,1580261833.23,402,876,489,626,210,fist,
7.60157585144,1580261833.25,402,876,487,622,208,fist,
7.62610292435,1580261833.28,403,876,481,622,210,fist,
7.64632987976,1580261833.3,404,875,478,622,209,fist,
7.67091298103,1580261833.32,400,873,470,616,208,fist,
7.69152784348,1580261833.34,403,868,461,609,206,fist,
7.71591091156,1580261833.37,406,863,460,606,205,fist,
7.7406668663,1580261833.39,407,856,458,604,208,fist,
7.76098799706,1580261833.41,408,849,460,602,210,fist,
7.78547096252,1580261833.44,407,842,464,602,209,fist,
7.8063249588,1580261833.46,409,838,466,604,211,fist,
7.83055996895,1580261833.48,409,836,464,606,212,fist,
7.85517787933,1580261833.51,409,835,464,603,212,fist,
7.87574195862,1580261833.53,408,833,464,603,211,fist,
7.90014481544,1580261833.55,410,833,465,602,212,fist,
7.92076897621,1580261833.57,411,832,466,602,214,fist,
7.94525098801,1580261833.6,412,831,466,599,212,fist,
7.9658229351,1580261833.62,410,832,469,597,213,fist,
7.9903409481,1580261833.64,413,832,469,597,215,fist,
8.01483893394,1580261833.67,412,833,470,600,214,fist,
8.0356400013,1580261833.69,410,833,468,599,213,fist,
8.06001281738,1580261833.71,412,832,471,598,213,fist,
8.08058285713,1580261833.73,413,831,470,600,213,fist,
8.105437994,1580261833.76,413,831,471,601,215,fist,
8.12953400612,1580261833.78,411,830,469,599,212,fist,
8.1501147747,1580261833.8,412,831,473,599,212,fist,
8.17466688156,1580261833.83,413,831,472,600,213,fist,
8.19519281387,1580261833.85,414,831,472,600,214,fist,
8.21977496147,1580261833.87,411,831,472,600,213,fist,
8.24444389343,1580261833.9,414,829,473,599,211,fist,
8.26509284973,1580261833.92,413,831,472,601,212,fist,
8.28956484795,1580261833.94,413,832,474,602,214,fist,
8.3098897934,1580261833.96,412,831,474,601,211,fist,
8.33452677727,1580261833.99,413,832,473,601,212,fist,
8.35503292084,1580261834.01,413,832,475,601,213,fist,
8.37960481644,1580261834.03,413,832,475,600,214,fist,
8.40426492691,1580261834.06,412,832,475,599,211,fist,
8.42500400543,1580261834.08,412,832,475,598,212,fist,
8.4491019249,1580261834.1,413,833,475,600,213,fist,
8.46985888481,1580261834.12,413,832,476,601,213,fist,
8.49430799484,1580261834.15,412,831,475,600,213,fist,
8.51876878738,1580261834.17,413,832,477,600,212,fist,
8.5395359993,1580261834.19,414,830,479,601,214,fist,
8.56400489807,1580261834.22,414,831,479,603,212,fist,
8.58434295654,1580261834.24,412,831,479,602,210,fist,
8.60926985741,1580261834.26,411,829,481,601,214,fist,
8.63383793831,1580261834.29,413,830,479,602,213,fist,
8.65415382385,1580261834.31,413,830,480,602,213,fist,
8.67856287956,1580261834.33,411,830,479,601,213,fist,
8.6991019249,1580261834.35,412,829,479,601,213,fist,
8.72395086288,1580261834.38,413,830,481,602,214,fist,
8.74811983109,1580261834.4,413,829,481,603,212,fist,
8.76889300346,1580261834.42,410,829,481,603,212,fist,
8.7932407856,1580261834.45,412,829,482,603,213,fist,
8.81373381615,1580261834.47,412,830,481,605,214,fist,
8.83870100975,1580261834.49,411,829,483,604,214,fist,
8.85917592049,1580261834.51,411,830,484,602,212,fist,
8.88356089592,1580261834.54,411,831,483,605,213,fist,
8.90794277191,1580261834.56,414,830,484,606,216,fist,
8.92852091789,1580261834.58,411,830,483,606,214,fist,
8.9530069828,1580261834.61,412,828,483,604,213,fist,
8.97360277176,1580261834.63,412,829,484,605,214,fist,
8.99811697006,1580261834.65,412,830,484,607,214,fist,
9.02294993401,1580261834.68,413,830,484,603,215,fist,
9.04338288307,1580261834.7,412,831,483,602,213,fist,
9.0677959919,1580261834.72,411,830,482,601,214,fist,
9.08854389191,1580261834.74,412,829,482,603,215,fist,
9.11283588409,1580261834.77,412,830,480,602,214,fist,
9.13766694069,1580261834.79,410,830,479,601,214,fist,
9.15830183029,1580261834.81,414,830,481,602,214,fist,
9.18244695663,1580261834.84,413,831,481,604,216,fist,
9.20305490494,1580261834.86,413,831,484,604,214,fist,
9.22748994827,1580261834.88,412,830,482,603,214,fist,
9.24807596207,1580261834.9,412,831,482,603,215,fist,
9.27293491364,1580261834.93,413,831,482,605,217,fist,
9.29732394218,1580261834.95,412,831,482,604,216,fist,
9.31761693954,1580261834.97,411,831,482,601,215,fist,
9.34259700775,1580261835.0,414,831,482,604,215,fist,
9.36287999153,1580261835.02,412,831,482,605,216,fist,
9.38755583763,1580261835.04,412,827,483,604,216,fist,
9.41180086136,1580261835.07,410,831,481,602,214,fist,
9.43266177177,1580261835.09,413,831,482,604,216,fist,
9.45714879036,1580261835.11,414,831,485,605,217,fist,
9.47756791115,1580261835.13,413,830,483,605,216,fist,
9.50233578682,1580261835.16,412,831,484,604,215,fist,
9.52652692795,1580261835.18,413,831,484,604,218,fist,
9.54704093933,1580261835.2,413,831,484,606,217,fist,
9.57192993164,1580261835.23,411,831,483,605,216,fist,
9.59217500687,1580261835.25,412,831,485,606,215,fist,
9.61684989929,1580261835.27,412,830,484,606,216,fist,
9.63749980927,1580261835.29,413,829,486,607,217,fist,
9.66181993484,1580261835.32,410,829,485,604,214,fist,
9.6862719059,1580261835.34,410,828,483,601,214,fist,
9.70683479309,1580261835.36,413,829,482,602,215,fist,
9.73157286644,1580261835.38,412,829,482,602,216,fist,
9.75186896324,1580261835.41,412,829,481,602,216,fist,
9.77668190002,1580261835.43,411,829,480,602,213,fist,
9.80094695091,1580261835.45,412,829,481,602,216,fist,
9.82156896591,1580261835.47,412,830,481,604,216,fist,
9.84607291222,1580261835.5,412,829,481,603,214,fist,
9.86681294441,1580261835.52,410,828,483,602,214,fist,
9.89118385315,1580261835.54,413,829,482,603,216,fist,
9.91559195518,1580261835.57,412,829,482,603,216,fist,
9.93638586998,1580261835.59,410,829,482,602,214,fist,
9.96068286896,1580261835.61,412,829,482,602,214,fist,
9.9812169075,1580261835.63,413,828,482,601,216,fist,
10.0062458515,1580261835.66,413,830,481,603,215,fist,
10.0263648033,1580261835.68,410,829,482,603,215,fist,
10.0508828163,1580261835.7,413,830,482,603,214,fist,
10.0755038261,1580261835.73,413,828,482,605,216,fist,
10.0959429741,1580261835.75,412,829,483,603,217,fist,
10.120639801,1580261835.77,412,830,481,603,214,fist,
10.141422987,1580261835.79,412,830,483,603,215,fist,
10.1658909321,1580261835.82,413,830,483,604,216,fist,
10.1900639534,1580261835.84,413,829,483,605,217,fist,
10.2107329369,1580261835.86,411,830,483,602,214,fist,
10.2351958752,1580261835.89,412,829,483,603,216,fist,
10.2557168007,1580261835.91,412,830,482,605,216,fist,
10.280287981,1580261835.93,413,830,484,604,217,fist,
10.3052539825,1580261835.96,412,830,485,602,215,fist,
10.3254158497,1580261835.98,412,831,482,603,214,fist,
10.3500728607,1580261836.0,413,830,482,602,217,fist,
10.3703238964,1580261836.02,412,830,481,602,216,fist,
10.3949828148,1580261836.05,412,830,481,599,215,fist,
10.415574789,1580261836.07,411,830,480,600,215,fist,
10.439991951,1580261836.09,413,831,481,603,217,fist,
10.4645428658,1580261836.12,412,830,482,602,216,fist,
10.4849410057,1580261836.14,410,830,480,601,213,fist,
10.5095829964,1580261836.16,413,831,480,602,215,fist,
10.5300118923,1580261836.18,413,829,482,603,217,fist,
10.5546298027,1580261836.21,412,831,481,603,215,fist,
10.5791068077,1580261836.23,411,829,483,601,215,fist,
10.5997288227,1580261836.25,413,830,483,603,215,fist,
10.6240758896,1580261836.28,413,831,483,604,217,fist,
10.6446478367,1580261836.3,412,831,482,603,217,fist,
10.6693468094,1580261836.32,411,830,483,602,212,fist,
10.6939008236,1580261836.35,412,832,483,601,215,fist,
10.7142817974,1580261836.37,413,832,484,605,217,fist,
10.7389879227,1580261836.39,411,832,483,606,216,fist,
10.7593598366,1580261836.41,412,832,483,605,214,fist,
10.7837669849,1580261836.44,412,833,483,605,216,fist,
10.8045117855,1580261836.46,412,832,484,607,216,fist,
10.8288447857,1580261836.48,412,831,482,606,216,fist,
10.8534297943,1580261836.51,412,832,484,605,216,fist,
10.8741309643,1580261836.53,413,833,485,606,216,fist,
10.8986058235,1580261836.55,413,832,486,608,218,fist,
10.9189817905,1580261836.57,412,833,485,608,215,fist,
10.9433767796,1580261836.6,411,832,485,605,216,fist,
10.9681220055,1580261836.62,412,832,487,607,215,fist,
10.9885900021,1580261836.64,413,832,485,607,217,fist,
11.012887001,1580261836.67,412,832,482,606,217,fist,
11.03378582,1580261836.69,412,833,483,602,216,fist,
11.0580120087,1580261836.71,413,833,482,604,218,fist,
11.0823807716,1580261836.74,413,833,482,605,216,fist,
11.103096962,1580261836.76,409,833,481,602,216,fist,
11.1275339127,1580261836.78,414,833,481,602,215,fist,
11.1481318474,1580261836.8,414,833,482,604,217,fist,
11.1743168831,1580261836.83,413,833,483,605,218,fist,
11.1930577755,1580261836.85,413,832,483,605,217,fist,
11.2177670002,1580261836.87,410,834,482,606,217,fist,
11.2422468662,1580261836.9,414,834,485,607,219,fist,
11.2628488541,1580261836.92,412,834,484,608,218,fist,
11.2871279716,1580261836.94,409,835,485,608,217,fist,
11.3079807758,1580261836.96,412,836,486,608,217,fist,
11.3324999809,1580261836.99,412,840,488,612,218,fist,
11.3569588661,1580261837.01,412,840,489,613,219,fist,
11.3773419857,1580261837.03,410,841,488,611,218,fist,
11.4020519257,1580261837.06,410,842,490,612,216,fist,
11.4225068092,1580261837.08,411,842,491,614,220,fist,
11.4467639923,1580261837.1,412,842,492,614,219,fist,
11.4715747833,1580261837.12,410,842,489,613,218,fist,
11.4919087887,1580261837.15,412,842,493,613,219,fist,
11.5164968967,1580261837.17,411,842,492,615,219,fist,
11.5372669697,1580261837.19,411,843,492,615,221,fist,
11.5614669323,1580261837.21,408,842,492,614,219,fist,
11.5821249485,1580261837.24,410,843,492,614,217,fist,
11.6065399647,1580261837.26,411,843,492,616,220,fist,
11.6310999393,1580261837.28,410,844,492,618,220,fist,
11.6514217854,1580261837.3,409,845,493,617,218,fist,
11.6764678955,1580261837.33,409,846,493,618,217,fist,
11.6965398788,1580261837.35,410,849,492,621,220,fist,
11.7213709354,1580261837.37,409,851,494,621,220,fist,
11.7455358505,1580261837.4,409,853,493,621,216,fist,
11.7661278248,1580261837.42,409,854,494,619,217,fist,
11.7910408974,1580261837.44,411,855,495,617,220,fist,
11.8111259937,1580261837.46,410,856,494,614,217,fist,
11.8357667923,1580261837.49,408,857,493,608,216,fist,
11.8601839542,1580261837.51,409,858,493,601,215,fist,
11.8806419373,1580261837.53,408,858,491,601,216,fist,
11.9055109024,1580261837.56,406,856,490,598,215,fist,
11.9258840084,1580261837.58,404,855,489,594,213,fist,
11.9501338005,1580261837.6,404,853,487,591,212,fist,
11.9710087776,1580261837.62,406,850,487,588,214,fist,
11.9955079556,1580261837.65,404,850,484,586,211,fist,
12.0197138786,1580261837.67,404,848,484,585,209,fist,
12.0405888557,1580261837.69,405,848,483,582,212,fist,
12.0648508072,1580261837.72,405,848,482,584,211,fist,
12.0854067802,1580261837.74,404,847,480,583,212,fist,
12.1099319458,1580261837.76,403,848,480,584,209,fist,
12.1347608566,1580261837.79,404,845,482,587,208,fist,
12.1548848152,1580261837.81,405,849,483,592,212,fist,
12.1793608665,1580261837.83,403,849,482,594,211,fist,
12.2001008987,1580261837.85,404,850,482,593,209,fist,
12.224396944,1580261837.88,404,851,483,596,210,fist,
12.2493219376,1580261837.9,404,851,482,598,211,fist,
12.2695569992,1580261837.92,405,850,483,598,209,fist,
12.2940199375,1580261837.95,402,852,481,598,206,fist,
12.3148798943,1580261837.97,404,851,483,598,209,fist,
12.3390967846,1580261837.99,405,852,483,600,211,fist,
12.3595509529,1580261838.01,403,852,482,599,209,fist,
12.3842408657,1580261838.04,403,852,484,598,208,fist,
12.4087538719,1580261838.06,405,853,483,599,211,fist,
12.42918396,1580261838.08,405,852,483,600,211,fist,
13.4068119526,1580261839.06,404,850,483,598,209,one,
13.4073770046,1580261839.06,402,851,483,598,209,one,
13.4078710079,1580261839.06,404,852,482,599,210,one,
13.408438921,1580261839.06,405,852,482,601,211,one,
13.4091179371,1580261839.06,402,852,481,600,206,one,
13.4096958637,1580261839.06,404,852,483,599,207,one,
13.4102518559,1580261839.06,406,852,483,600,209,one,
13.4108657837,1580261839.06,405,852,482,600,211,one,
13.4114518166,1580261839.06,406,852,484,598,210,one,
13.4120409489,1580261839.07,404,851,481,598,210,one,
13.4126048088,1580261839.07,405,851,482,599,210,one,
13.4131519794,1580261839.07,405,851,483,599,211,one,
13.413659811,1580261839.07,404,851,483,599,209,one,
13.4141597748,1580261839.07,404,851,484,597,208,one,
13.4147019386,1580261839.07,405,852,483,599,212,one,
13.4152109623,1580261839.07,404,851,483,600,210,one,
13.4157128334,1580261839.07,403,851,481,598,208,one,
13.4161639214,1580261839.07,403,852,481,599,208,one,
13.4166128635,1580261839.07,405,851,484,598,209,one,
13.4170598984,1580261839.07,406,852,485,600,210,one,
13.4175078869,1580261839.07,404,852,484,600,207,one,
13.4179909229,1580261839.07,404,852,485,600,209,one,
13.4187579155,1580261839.07,405,852,486,601,211,one,
13.4192128181,1580261839.07,405,852,486,601,211,one,
13.4196739197,1580261839.07,404,852,487,599,210,one,
13.4201200008,1580261839.07,404,852,486,600,209,one,
13.4205958843,1580261839.07,404,852,486,601,211,one,
13.4210629463,1580261839.07,405,853,487,602,211,one,
13.4215259552,1580261839.07,404,853,487,601,210,one,
13.421987772,1580261839.08,404,851,489,601,209,one,
13.4224867821,1580261839.08,404,853,488,604,210,one,
13.4229598045,1580261839.08,405,853,489,604,211,one,
13.423432827,1580261839.08,404,854,490,606,208,one,
13.4239239693,1580261839.08,403,857,490,607,210,one,
13.4244339466,1580261839.08,405,858,492,611,213,one,
13.4249517918,1580261839.08,404,859,492,614,211,one,
13.4257659912,1580261839.08,404,860,493,614,209,one,
13.4263498783,1580261839.08,404,862,495,616,209,one,
13.426833868,1580261839.08,405,862,496,617,213,one,
13.4273388386,1580261839.08,404,862,495,617,213,one,
13.4278199673,1580261839.08,404,861,496,616,211,one,
13.4283239841,1580261839.08,404,863,496,617,210,one,
13.4288079739,1580261839.08,405,861,498,618,213,one,
13.4362478256,1580261839.09,404,864,497,618,212,one,
13.4604659081,1580261839.11,404,863,498,617,209,one,
13.4809908867,1580261839.13,405,863,499,616,212,one,
13.5056707859,1580261839.16,406,863,499,620,214,one,
13.526239872,1580261839.18,405,863,499,620,213,one,
13.5506207943,1580261839.2,404,862,500,618,211,one,
13.5751128197,1580261839.23,402,864,499,620,213,one,
13.5959279537,1580261839.25,404,863,500,622,213,one,
13.6201689243,1580261839.27,404,863,500,623,212,one,
13.6410009861,1580261839.29,402,862,499,622,211,one,
13.6652579308,1580261839.32,403,862,498,622,211,one,
13.6897828579,1580261839.34,402,862,496,621,212,one,
13.7103178501,1580261839.36,403,857,493,614,211,one,
13.7349867821,1580261839.39,401,859,488,611,208,one,
13.755289793,1580261839.41,402,858,489,609,210,one,
13.7797567844,1580261839.43,403,859,486,606,211,one,
13.8043649197,1580261839.46,399,858,482,600,209,one,
13.8250799179,1580261839.48,401,858,482,595,208,one,
13.8495779037,1580261839.5,401,858,478,593,207,one,
13.8702619076,1580261839.52,403,859,479,592,209,one,
13.8944637775,1580261839.55,401,858,478,588,208,one,
13.9151618481,1580261839.57,401,859,476,584,205,one,
13.9396998882,1580261839.59,402,859,476,584,208,one,
13.9639458656,1580261839.62,403,860,474,583,208,one,
13.9845478535,1580261839.64,402,860,473,581,207,one,
14.0090939999,1580261839.66,403,859,471,579,206,one,
14.0295579433,1580261839.68,405,860,469,578,206,one,
14.0540158749,1580261839.71,403,861,471,576,207,one,
14.0787119865,1580261839.73,405,862,470,572,208,one,
14.0992729664,1580261839.75,401,858,463,572,205,one,
14.1238679886,1580261839.78,405,860,467,570,211,one,
14.1442418098,1580261839.8,406,859,464,570,208,one,
14.1689729691,1580261839.82,404,859,464,569,207,one,
14.1931099892,1580261839.85,408,859,464,562,202,one,
14.2135648727,1580261839.87,407,860,464,568,205,one,
14.2380349636,1580261839.89,406,859,462,569,207,one,
14.2585427761,1580261839.91,408,860,463,566,205,one,
14.2834467888,1580261839.94,404,862,465,572,206,one,
14.3039047718,1580261839.96,406,859,463,569,208,one,
14.3284788132,1580261839.98,408,861,464,572,205,one,
14.3528130054,1580261840.01,407,862,463,571,204,one,
14.3733108044,1580261840.03,409,863,467,571,206,one,
14.3978798389,1580261840.05,405,862,464,574,204,one,
14.418325901,1580261840.07,405,862,462,574,206,one,
14.4429178238,1580261840.1,405,860,465,575,204,one,
14.4675748348,1580261840.12,406,863,464,573,202,one,
14.4879028797,1580261840.14,405,862,465,574,206,one,
14.5124518871,1580261840.17,406,861,466,577,203,one,
14.5333478451,1580261840.19,402,861,468,573,203,one,
14.5578429699,1580261840.21,405,861,464,578,204,one,
14.5820868015,1580261840.24,403,862,465,578,204,one,
14.6028978825,1580261840.26,404,862,464,577,205,one,
14.6270549297,1580261840.28,405,861,468,577,203,one,
14.6478328705,1580261840.3,404,862,469,580,201,one,
14.6723439693,1580261840.33,406,863,466,580,206,one,
14.6926608086,1580261840.35,404,863,467,580,205,one,
14.7171399593,1580261840.37,404,864,465,579,204,one,
14.7416629791,1580261840.4,402,863,466,580,204,one,
14.7622728348,1580261840.42,405,862,466,580,205,one,
14.7866909504,1580261840.44,404,863,463,581,205,one,
14.8072698116,1580261840.46,401,863,466,584,201,one,
14.831923008,1580261840.49,402,864,466,582,204,one,
14.8566608429,1580261840.51,405,863,469,585,207,one,
14.8768320084,1580261840.53,406,863,468,582,206,one,
14.9016098976,1580261840.55,404,864,464,582,205,one,
14.9217848778,1580261840.58,405,864,466,584,209,one,
14.9463429451,1580261840.6,405,864,467,586,206,one,
14.9709229469,1580261840.62,403,863,468,584,207,one,
14.9916138649,1580261840.64,406,863,468,582,205,one,
15.0158758163,1580261840.67,405,862,466,582,205,one,
15.0368208885,1580261840.69,405,863,468,583,208,one,
15.060934782,1580261840.71,405,861,469,582,205,one,
15.0814549923,1580261840.73,404,861,469,582,205,one,
15.1064047813,1580261840.76,406,863,467,581,204,one,
15.1304979324,1580261840.78,406,863,470,583,207,one,
15.1512038708,1580261840.8,405,859,470,581,207,one,
15.176571846,1580261840.83,407,862,466,581,204,one,
15.1960527897,1580261840.85,405,864,467,582,206,one,
15.2204658985,1580261840.87,407,864,472,583,209,one,
15.2450149059,1580261840.9,403,865,472,582,209,one,
15.2660739422,1580261840.92,405,865,472,578,207,one,
15.2905669212,1580261840.94,407,866,473,577,211,one,
15.3106780052,1580261840.96,405,864,472,581,207,one,
15.3352198601,1580261840.99,407,864,471,579,209,one,
15.3596978188,1580261841.01,408,867,472,579,209,one,
15.3803129196,1580261841.03,406,864,468,580,206,one,
15.4049007893,1580261841.06,409,863,470,581,208,one,
15.425385952,1580261841.08,402,865,470,577,206,one,
15.4497799873,1580261841.1,406,863,469,579,206,one,
15.4702649117,1580261841.12,407,862,473,581,206,one,
15.4949688911,1580261841.15,407,865,468,581,208,one,
15.5194978714,1580261841.17,405,865,470,577,206,one,
15.5400769711,1580261841.19,409,866,468,579,206,one,
15.5645139217,1580261841.22,406,864,469,580,207,one,
15.5851378441,1580261841.24,406,864,469,580,208,one,
15.6094629765,1580261841.26,403,863,469,579,206,one,
15.6342329979,1580261841.29,404,865,466,575,206,one,
15.6545557976,1580261841.31,406,863,469,580,208,one,
15.679145813,1580261841.33,406,865,468,581,208,one,
15.6997499466,1580261841.35,406,862,468,580,208,one,
15.7240719795,1580261841.38,405,864,466,578,202,one,
15.7485439777,1580261841.4,406,862,465,578,208,one,
15.7691309452,1580261841.42,406,864,467,579,206,one,
15.7936229706,1580261841.45,402,864,469,577,207,one,
15.8143358231,1580261841.47,405,864,465,578,209,one,
15.8389790058,1580261841.49,404,864,469,581,206,one,
15.8591778278,1580261841.51,406,864,468,580,208,one,
15.8837399483,1580261841.54,401,863,468,579,206,one,
15.9082148075,1580261841.56,405,864,466,577,208,one,
15.9286689758,1580261841.58,405,862,468,582,206,one,
15.9531919956,1580261841.61,406,861,467,584,208,one,
15.974023819,1580261841.63,405,862,469,582,208,one,
15.9983179569,1580261841.65,405,861,469,579,208,one,
16.0228979588,1580261841.68,406,862,464,582,206,one,
16.0433549881,1580261841.7,405,861,468,582,207,one,
16.0680539608,1580261841.72,402,861,470,582,207,one,
16.0886387825,1580261841.74,407,862,469,583,209,one,
16.1128458977,1580261841.77,405,860,467,581,209,one,
16.137721777,1580261841.79,403,861,463,582,205,one,
16.1579167843,1580261841.81,404,861,463,581,208,one,
16.1824059486,1580261841.84,404,862,463,582,207,one,
16.2030589581,1580261841.86,405,860,467,584,208,one,
16.227657795,1580261841.88,406,861,468,583,208,one,
16.2479817867,1580261841.9,404,861,468,579,205,one,
16.2723739147,1580261841.93,405,861,466,582,207,one,
16.2970819473,1580261841.95,405,861,466,584,209,one,
16.317691803,1580261841.97,404,861,466,584,208,one,
16.3420259953,1580261842.0,403,859,468,583,203,one,
16.3625199795,1580261842.02,404,861,467,582,205,one,
16.387116909,1580261842.04,405,862,467,586,209,one,
16.4115638733,1580261842.06,402,860,466,585,208,one,
16.4323439598,1580261842.09,403,860,467,585,206,one,
16.4569489956,1580261842.11,406,862,465,585,209,one,
16.4775569439,1580261842.13,405,860,469,584,208,one,
16.5015888214,1580261842.15,405,859,467,586,208,one,
16.5260767937,1580261842.18,404,861,467,584,207,one,
16.5465979576,1580261842.2,404,861,467,584,206,one,
16.571149826,1580261842.22,405,859,468,587,209,one,
16.5917239189,1580261842.25,401,859,467,585,209,one,
16.6165399551,1580261842.27,404,860,469,581,206,one,
16.6371979713,1580261842.29,406,861,473,585,208,one,
16.6613578796,1580261842.31,406,860,470,586,209,one,
16.6858890057,1580261842.34,407,862,471,584,208,one,
16.7067677975,1580261842.36,404,860,472,585,208,one,
16.7310638428,1580261842.38,404,860,466,585,207,one,
16.7514059544,1580261842.4,403,861,469,587,207,one,
16.7760357857,1580261842.43,401,861,469,587,208,one,
16.8007137775,1580261842.45,402,862,469,581,207,one,
16.8211829662,1580261842.47,405,859,472,586,206,one,
16.845553875,1580261842.5,405,862,468,587,206,one,
16.8664028645,1580261842.52,401,862,468,581,206,one,
16.8905949593,1580261842.54,403,860,465,585,205,one,
16.915006876,1580261842.57,404,862,467,587,206,one,
16.9358508587,1580261842.59,404,862,466,586,208,one,
16.9601528645,1580261842.61,401,862,472,582,207,one,
16.980894804,1580261842.63,403,863,467,582,207,one,
17.0051908493,1580261842.66,404,862,472,585,207,one,
17.0258078575,1580261842.68,404,862,470,586,206,one,
17.0502848625,1580261842.7,404,861,469,587,205,one,
17.0746657848,1580261842.73,403,860,469,585,203,one,
17.0988049507,1580261842.75,404,862,467,586,205,one,
17.1196908951,1580261842.77,403,862,468,587,208,one,
17.1403419971,1580261842.79,403,863,465,587,207,one,
17.1648578644,1580261842.82,401,862,470,589,202,one,
17.1891889572,1580261842.84,402,864,472,595,205,one,
17.2097017765,1580261842.86,404,862,473,598,206,one,
17.2344839573,1580261842.89,403,863,475,603,202,one,
17.2548120022,1580261842.91,401,860,478,607,205,one,
17.2794368267,1580261842.93,403,863,480,612,207,one,
17.3038678169,1580261842.96,403,863,482,617,207,one,
17.3243968487,1580261842.98,402,863,487,617,207,one,
17.3489890099,1580261843.0,402,864,486,625,205,one,
17.3693778515,1580261843.02,403,863,489,628,209,one,
17.3940479755,1580261843.05,403,865,490,632,206,one,
17.4145658016,1580261843.07,400,864,489,633,207,one,
17.4390628338,1580261843.09,403,865,495,633,207,one,
17.4636437893,1580261843.12,402,864,493,632,207,one,
17.4842348099,1580261843.14,402,864,496,632,209,one,
17.5086917877,1580261843.16,403,864,498,629,206,one,
17.5291528702,1580261843.18,400,866,499,631,207,one,
17.553981781,1580261843.21,402,864,502,633,209,one,
17.57827878,1580261843.23,400,866,502,633,208,one,
17.5988090038,1580261843.25,399,867,502,633,204,one,
17.6233267784,1580261843.28,400,866,507,632,208,one,
17.6439359188,1580261843.3,399,866,502,633,207,one,
17.6683018208,1580261843.32,398,866,503,633,208,one,
17.6929059029,1580261843.35,400,867,499,631,207,one,
17.7133069038,1580261843.37,398,863,503,630,207,one,
17.7381489277,1580261843.39,400,865,503,631,208,one,
17.758551836,1580261843.41,400,866,504,631,206,one,
17.7829217911,1580261843.44,395,865,502,630,205,one,
17.8035628796,1580261843.46,400,866,506,628,209,one,
17.8279709816,1580261843.48,399,867,506,634,207,one,
17.8526749611,1580261843.51,399,866,506,631,207,one,
17.8729469776,1580261843.53,401,866,508,633,208,one,
17.8976898193,1580261843.55,398,866,505,632,203,one,
17.9183168411,1580261843.57,400,866,503,633,208,one,
17.942568779,1580261843.6,398,866,506,632,207,one,
17.9670908451,1580261843.62,400,867,507,632,207,one,
17.9878129959,1580261843.64,397,867,506,632,206,one,
18.012157917,1580261843.67,399,865,506,632,206,one,
18.032905817,1580261843.69,399,865,506,630,207,one,
18.0572109222,1580261843.71,398,868,500,631,206,one,
18.0817008018,1580261843.74,398,865,503,629,206,one,
18.1022808552,1580261843.76,401,865,505,632,206,one,
18.1267268658,1580261843.78,401,867,505,633,205,one,
18.1472568512,1580261843.8,399,865,504,628,206,one,
18.1725029945,1580261843.83,398,866,508,634,208,one,
18.1922829151,1580261843.85,400,865,504,631,206,one,
18.2169618607,1580261843.87,399,866,503,632,206,one,
18.2413048744,1580261843.89,398,863,505,632,203,one,
18.2618539333,1580261843.92,398,866,504,630,205,one,
18.2865059376,1580261843.94,401,865,504,631,208,one,
18.3067238331,1580261843.96,395,867,506,631,206,one,
18.3315348625,1580261843.98,397,864,504,630,203,one,
18.3560948372,1580261844.01,401,866,503,627,209,one,
18.376434803,1580261844.03,398,865,504,630,205,one,
18.4009449482,1580261844.05,399,867,505,631,207,one,
18.4217469692,1580261844.08,398,867,506,632,205,one,
19.9455759525,1580261845.6,398,866,504,630,207,extend,
19.9461619854,1580261845.6,399,866,505,632,208,extend,
19.9467248917,1580261845.6,397,866,507,626,206,extend,
19.9472579956,1580261845.6,396,866,501,630,205,extend,
19.9480249882,1580261845.6,400,867,505,631,205,extend,
19.9488689899,1580261845.6,397,866,504,631,207,extend,
19.9493479729,1580261845.6,399,867,503,631,202,extend,
19.9497950077,1580261845.6,395,865,500,629,203,extend,
19.9502398968,1580261845.6,398,863,504,629,206,extend,
19.95074296,1580261845.6,399,865,505,629,206,extend,
19.951212883,1580261845.6,399,866,505,632,205,extend,
19.9516777992,1580261845.61,396,865,502,629,203,extend,
19.9521448612,1580261845.61,399,866,505,630,206,extend,
19.9526128769,1580261845.61,397,865,502,631,205,extend,
19.953250885,1580261845.61,395,866,499,629,203,extend,
19.9537308216,1580261845.61,398,865,504,631,204,extend,
19.9541969299,1580261845.61,399,864,503,629,206,extend,
19.9546918869,1580261845.61,400,866,505,630,207,extend,
19.9551618099,1580261845.61,400,862,504,630,202,extend,
19.9556269646,1580261845.61,400,863,503,629,205,extend,
19.9560909271,1580261845.61,399,867,503,630,204,extend,
19.956556797,1580261845.61,399,864,504,629,207,extend,
19.9570229053,1580261845.61,398,866,503,631,206,extend,
19.9576339722,1580261845.61,397,868,504,631,207,extend,
19.9584958553,1580261845.61,398,867,502,631,206,extend,
19.9592089653,1580261845.61,400,867,501,631,207,extend,
19.9597640038,1580261845.61,400,866,503,629,205,extend,
19.9602668285,1580261845.61,400,864,501,635,205,extend,
19.9608957767,1580261845.61,399,867,500,635,208,extend,
19.9619607925,1580261845.62,400,867,502,635,207,extend,
19.9626238346,1580261845.62,397,868,501,636,205,extend,
19.9631209373,1580261845.62,399,868,503,635,203,extend,
19.9636008739,1580261845.62,399,867,500,635,206,extend,
19.9640748501,1580261845.62,397,868,501,632,206,extend,
19.9645469189,1580261845.62,399,865,501,633,202,extend,
19.9650177956,1580261845.62,398,867,499,636,208,extend,
19.9655768871,1580261845.62,399,868,503,635,205,extend,
19.9660708904,1580261845.62,399,866,503,636,205,extend,
19.9665780067,1580261845.62,395,867,497,635,201,extend,
19.9670507908,1580261845.62,399,865,504,632,207,extend,
19.9675178528,1580261845.62,399,867,500,637,206,extend,
19.9679818153,1580261845.62,399,868,500,638,204,extend,
19.968307972,1580261845.62,398,865,499,637,205,extend,
19.9686148167,1580261845.62,397,869,495,638,204,extend,
19.9689209461,1580261845.62,399,869,495,638,206,extend,
19.9692258835,1580261845.62,399,867,492,639,206,extend,
19.9695339203,1580261845.62,397,868,491,638,204,extend,
19.9698388577,1580261845.62,398,868,492,634,206,extend,
19.9701659679,1580261845.62,399,868,491,637,206,extend,
19.9704978466,1580261845.62,395,868,491,636,206,extend,
19.9708068371,1580261845.62,399,868,494,634,206,extend,
19.9711148739,1580261845.62,397,866,492,634,205,extend,
19.9714229107,1580261845.62,396,868,494,635,207,extend,
19.9717268944,1580261845.63,396,868,496,632,206,extend,
19.9720318317,1580261845.63,396,869,496,630,205,extend,
19.9723517895,1580261845.63,400,869,498,633,204,extend,
19.9726939201,1580261845.63,399,869,497,632,207,extend,
19.9730019569,1580261845.63,397,869,499,632,206,extend,
19.9732618332,1580261845.63,398,867,498,633,202,extend,
19.9734888077,1580261845.63,398,869,499,631,205,extend,
19.9737157822,1580261845.63,398,868,499,633,206,extend,
19.9739429951,1580261845.63,399,867,500,632,205,extend,
19.9742708206,1580261845.63,395,870,500,634,203,extend,
19.9746408463,1580261845.63,398,869,501,634,207,extend,
19.9748868942,1580261845.63,398,870,500,636,206,extend,
19.9751188755,1580261845.63,398,870,500,634,206,extend,
19.9753508568,1580261845.63,397,870,501,634,204,extend,
19.9767758846,1580261845.63,398,870,501,635,205,extend,
20.0016458035,1580261845.66,399,870,502,636,207,extend,
20.0259838104,1580261845.68,399,870,502,636,206,extend,
20.0466029644,1580261845.7,396,870,501,633,204,extend,
20.0711698532,1580261845.72,399,869,503,635,207,extend,
20.0915279388,1580261845.74,399,870,501,636,206,extend,
20.1160969734,1580261845.77,398,868,502,634,206,extend,
20.1406178474,1580261845.79,399,870,501,636,205,extend,
20.1611437798,1580261845.81,399,870,502,636,206,extend,
20.1855568886,1580261845.84,400,870,503,638,206,extend,
20.2062029839,1580261845.86,398,870,501,637,203,extend,
20.2309238911,1580261845.88,397,870,504,637,205,extend,
20.2511568069,1580261845.9,400,868,501,635,207,extend,
20.2757499218,1580261845.93,400,868,498,631,207,extend,
20.3005549908,1580261845.95,399,867,492,620,202,extend,
20.3210527897,1580261845.97,399,861,483,598,204,extend,
20.3453419209,1580261846.0,398,858,476,573,202,extend,
20.3661668301,1580261846.02,397,853,465,541,202,extend,
20.390529871,1580261846.04,400,844,450,514,199,extend,
20.4148118496,1580261846.07,398,839,436,484,197,extend,
20.4355568886,1580261846.09,403,836,430,477,197,extend,
20.4598917961,1580261846.11,403,830,421,462,193,extend,
20.4804208279,1580261846.13,404,829,412,449,194,extend,
20.5052688122,1580261846.16,406,826,415,442,194,extend,
20.5294668674,1580261846.18,405,823,405,428,191,extend,
20.5501217842,1580261846.2,406,821,402,420,192,extend,
20.5745298862,1580261846.23,406,821,405,413,189,extend,
20.5950708389,1580261846.25,407,819,401,416,189,extend,
20.6194918156,1580261846.27,409,820,400,405,192,extend,
20.6401278973,1580261846.29,408,818,398,409,188,extend,
20.6649899483,1580261846.32,408,819,397,406,186,extend,
20.6891269684,1580261846.34,411,820,400,404,187,extend,
20.7098398209,1580261846.36,408,820,396,401,188,extend,
20.7342648506,1580261846.39,408,820,396,401,189,extend,
20.7547068596,1580261846.41,409,816,398,407,183,extend,
20.7791788578,1580261846.43,410,821,396,391,190,extend,
20.8037629128,1580261846.46,409,820,396,403,187,extend,
20.8242928982,1580261846.48,406,820,394,400,187,extend,
20.8486878872,1580261846.5,409,820,394,410,183,extend,
20.8696508408,1580261846.52,408,820,396,408,185,extend,
20.8937709332,1580261846.55,407,820,395,401,187,extend,
20.9186139107,1580261846.57,407,819,396,407,185,extend,
20.9388828278,1580261846.59,403,819,398,411,186,extend,
20.963452816,1580261846.62,406,820,397,417,187,extend,
20.9841599464,1580261846.64,409,820,397,414,186,extend,
21.0085349083,1580261846.66,405,820,398,414,187,extend,
21.0290689468,1580261846.68,407,820,400,419,185,extend,
21.0537288189,1580261846.71,404,822,396,420,190,extend,
21.0779209137,1580261846.73,408,818,401,414,188,extend,
21.0987179279,1580261846.75,404,820,398,420,189,extend,
21.1230797768,1580261846.78,407,820,403,424,184,extend,
21.1436069012,1580261846.8,406,821,400,425,186,extend,
21.1683409214,1580261846.82,406,822,403,421,190,extend,
21.1925649643,1580261846.85,407,818,402,426,189,extend,
21.2130429745,1580261846.87,407,823,406,421,190,extend,
21.2379148006,1580261846.89,408,819,403,436,190,extend,
21.2582008839,1580261846.91,407,821,402,426,190,extend,
21.2828638554,1580261846.94,407,818,404,427,188,extend,
21.3072559834,1580261846.96,406,822,399,432,185,extend,
21.3277308941,1580261846.98,407,821,404,427,191,extend,
21.3524048328,1580261847.01,407,822,406,428,191,extend,
21.3728208542,1580261847.03,407,824,400,432,192,extend,
21.397580862,1580261847.05,405,824,403,433,187,extend,
21.4177858829,1580261847.07,410,823,404,442,191,extend,
21.4424779415,1580261847.1,408,822,407,429,191,extend,
21.4668638706,1580261847.12,405,822,406,434,193,extend,
21.4873199463,1580261847.14,407,822,409,434,188,extend,
21.5119578838,1580261847.17,406,821,406,432,190,extend,
21.5324289799,1580261847.19,407,822,405,440,190,extend,
21.5572547913,1580261847.21,407,821,404,436,193,extend,
21.5813999176,1580261847.23,407,820,408,441,190,extend,
21.6020488739,1580261847.26,408,824,410,444,191,extend,
21.6266388893,1580261847.28,408,822,409,443,192,extend,
21.6471037865,1580261847.3,402,823,411,446,191,extend,
21.6715519428,1580261847.32,406,824,404,450,189,extend,
21.6962499619,1580261847.35,406,823,409,443,191,extend,
21.7165858746,1580261847.37,407,823,407,450,189,extend,
21.7411818504,1580261847.39,409,822,411,455,187,extend,
21.7617328167,1580261847.42,409,823,407,451,190,extend,
21.7861208916,1580261847.44,409,823,407,460,194,extend,
21.8069489002,1580261847.46,406,823,409,453,192,extend,
21.831360817,1580261847.48,405,823,407,453,190,extend,
21.8556978703,1580261847.51,408,822,416,445,195,extend,
21.8762757778,1580261847.53,407,823,412,453,191,extend,
21.9010899067,1580261847.55,405,822,409,457,191,extend,
21.9214539528,1580261847.57,403,821,417,453,194,extend,
21.9459578991,1580261847.6,406,818,413,454,191,extend,
21.9706788063,1580261847.62,407,824,416,455,196,extend,
21.9909420013,1580261847.64,406,822,414,458,193,extend,
22.0153348446,1580261847.67,408,822,417,447,193,extend,
22.0360348225,1580261847.69,407,823,412,462,192,extend,
22.0605049133,1580261847.71,407,821,415,455,192,extend,
22.0848889351,1580261847.74,406,820,415,456,193,extend,
22.1054828167,1580261847.76,408,816,416,447,192,extend,
22.1303629875,1580261847.78,406,820,415,443,195,extend,
22.1505119801,1580261847.8,408,818,415,448,193,extend,
22.1762309074,1580261847.83,407,819,412,451,193,extend,
22.1957199574,1580261847.85,403,819,416,453,194,extend,
22.2204217911,1580261847.87,409,818,412,458,193,extend,
22.2446248531,1580261847.9,407,818,414,449,192,extend,
22.2652177811,1580261847.92,407,818,416,449,193,extend,
22.2896578312,1580261847.94,407,818,416,452,195,extend,
22.3102488518,1580261847.96,410,818,414,445,192,extend,
22.3349938393,1580261847.99,407,820,414,454,194,extend,
22.3593008518,1580261848.01,407,823,412,449,194,extend,
22.3797578812,1580261848.03,405,826,412,451,193,extend,
22.4042379856,1580261848.06,408,829,408,446,197,extend,
22.4248738289,1580261848.08,407,829,409,446,192,extend,
22.4495089054,1580261848.1,406,830,408,445,195,extend,
22.4740579128,1580261848.13,408,828,411,450,192,extend,
22.4942657948,1580261848.15,406,831,409,446,191,extend,
22.5188298225,1580261848.17,408,830,408,449,196,extend,
22.5395858288,1580261848.19,409,830,411,444,193,extend,
22.5642278194,1580261848.22,407,831,413,445,193,extend,
22.584487915,1580261848.24,407,827,407,452,195,extend,
22.6089618206,1580261848.26,407,829,411,450,194,extend,
22.6337828636,1580261848.29,408,828,411,450,193,extend,
22.6542468071,1580261848.31,408,827,413,458,189,extend,
22.6786718369,1580261848.33,404,829,413,456,196,extend,
22.6990828514,1580261848.35,409,826,413,456,195,extend,
22.7235968113,1580261848.38,405,829,413,452,192,extend,
22.7480649948,1580261848.4,407,830,414,447,193,extend,
22.7688348293,1580261848.42,406,828,419,455,194,extend,
22.7931578159,1580261848.45,407,826,413,456,194,extend,
22.8136849403,1580261848.47,405,825,417,455,194,extend,
22.8382358551,1580261848.49,407,824,413,457,194,extend,
22.8627188206,1580261848.52,406,822,413,459,193,extend,
22.8832359314,1580261848.54,407,819,415,461,195,extend,
22.9077548981,1580261848.56,407,819,411,461,193,extend,
22.9285438061,1580261848.58,402,815,419,451,192,extend,
22.9527909756,1580261848.61,409,814,413,469,195,extend,
22.9734168053,1580261848.63,406,812,417,463,194,extend,
22.9978978634,1580261848.65,407,811,419,456,194,extend,
23.0225858688,1580261848.68,407,814,418,453,192,extend,
23.0429069996,1580261848.7,406,813,415,464,193,extend,
23.0674879551,1580261848.72,406,813,419,465,196,extend,
23.0881228447,1580261848.74,409,811,418,457,195,extend,
23.1124858856,1580261848.77,409,811,417,465,189,extend,
23.1371247768,1580261848.79,407,816,416,473,194,extend,
23.157766819,1580261848.81,408,816,418,465,196,extend,
23.181994915,1580261848.84,407,813,417,471,195,extend,
23.2024018764,1580261848.86,408,816,419,471,192,extend,
23.2269399166,1580261848.88,406,817,417,460,194,extend,
23.2518339157,1580261848.91,407,819,417,467,194,extend,
23.2721610069,1580261848.93,407,821,419,460,196,extend,
23.2967779636,1580261848.95,406,821,417,457,194,extend,
23.3171179295,1580261848.97,407,822,420,469,198,extend,
23.3416998386,1580261849.0,407,822,418,466,196,extend,
23.3621909618,1580261849.02,409,823,421,463,197,extend,
23.3867769241,1580261849.04,407,822,415,471,195,extend,
23.4111838341,1580261849.06,407,821,416,467,193,extend,
23.4321568012,1580261849.09,407,823,418,461,195,extend,
23.4566547871,1580261849.11,403,824,412,467,191,extend,
23.4768748283,1580261849.13,407,823,418,465,196,extend,
23.5013768673,1580261849.15,404,825,422,480,199,extend,
23.5260808468,1580261849.18,406,827,427,489,195,extend,
23.5463998318,1580261849.2,403,831,431,508,192,extend,
23.5709528923,1580261849.22,404,837,447,531,194,extend,
23.5914838314,1580261849.24,402,843,453,551,197,extend,
23.6159398556,1580261849.27,404,849,464,569,197,extend,
23.6407489777,1580261849.29,402,852,471,570,198,extend,
23.6610989571,1580261849.31,400,855,473,583,199,extend,
23.6856789589,1580261849.34,398,857,478,592,202,extend,
23.7063949108,1580261849.36,400,857,482,600,200,extend,
23.7308709621,1580261849.38,399,860,484,603,199,extend,
23.7513678074,1580261849.4,399,859,486,605,197,extend,
23.7755827904,1580261849.43,398,859,491,607,201,extend,
23.8003268242,1580261849.45,398,861,494,609,202,extend,
23.8206548691,1580261849.47,396,861,498,612,200,extend,
23.8453288078,1580261849.5,398,861,499,615,199,extend,
23.866109848,1580261849.52,397,862,499,617,202,extend,
23.8902199268,1580261849.54,396,862,500,615,203,extend,
23.914785862,1580261849.57,399,862,501,617,202,extend,
23.9352419376,1580261849.59,399,865,505,622,203,extend,
23.9597969055,1580261849.61,398,863,501,624,204,extend,
23.980342865,1580261849.63,397,865,501,625,205,extend,
24.0050599575,1580261849.66,398,865,505,620,203,extend,
24.0294518471,1580261849.68,398,865,505,621,204,extend,
24.0498549938,1580261849.7,398,865,506,626,204,extend,
24.0743718147,1580261849.73,399,864,506,626,203,extend,
24.0949568748,1580261849.75,398,865,507,627,202,extend,
24.1195058823,1580261849.77,398,867,504,630,204,extend,
24.1400279999,1580261849.79,398,867,508,629,204,extend,
24.1645278931,1580261849.82,398,868,506,629,202,extend,
24.189193964,1580261849.84,395,868,510,629,205,extend,
24.2094268799,1580261849.86,398,868,508,631,205,extend,
24.2343668938,1580261849.89,399,869,508,634,206,extend,
24.2547888756,1580261849.91,401,870,511,630,206,extend,
24.2790119648,1580261849.93,395,870,512,630,203,extend,
24.3036198616,1580261849.96,399,868,510,629,205,extend,
24.3242228031,1580261849.98,400,870,510,634,205,extend,
24.3488469124,1580261850.0,400,869,510,634,205,extend,
24.3692069054,1580261850.02,400,871,510,636,206,extend,
24.3937168121,1580261850.05,398,872,508,635,206,extend,
24.4182138443,1580261850.07,400,871,510,638,207,extend,
24.4387538433,1580261850.09,403,869,512,635,206,extend,
24.4632949829,1580261850.12,399,871,512,633,204,extend,
24.4837839603,1580261850.14,402,872,513,638,204,extend,
24.5084719658,1580261850.16,403,871,511,640,206,extend,
24.5289478302,1580261850.18,402,873,511,642,205,extend,
24.5534780025,1580261850.21,401,872,513,635,206,extend,
24.5778899193,1580261850.23,401,871,507,638,202,extend,
24.5983939171,1580261850.25,403,870,508,640,206,extend,
24.6230318546,1580261850.28,403,871,512,636,207,extend,
24.6435379982,1580261850.3,401,869,512,639,207,extend,
24.6680169106,1580261850.32,404,872,511,637,208,extend,
24.6924638748,1580261850.35,401,871,512,638,207,extend,
24.7130379677,1580261850.37,401,872,511,641,206,extend,
24.7378997803,1580261850.39,401,869,513,637,203,extend,
24.7580578327,1580261850.41,402,871,508,638,204,extend,
24.782583952,1580261850.44,402,872,511,639,207,extend,
24.8071289062,1580261850.46,399,871,509,638,208,extend,
24.8279078007,1580261850.48,400,871,514,639,204,extend,
24.8521358967,1580261850.51,403,872,512,639,210,extend,
24.872743845,1580261850.53,402,871,509,640,205,extend,
24.8975598812,1580261850.55,401,872,508,640,203,extend,
24.9179840088,1580261850.57,401,872,510,637,202,extend,
24.942335844,1580261850.6,400,872,510,637,205,extend,
24.9669649601,1580261850.62,401,871,509,639,207,extend,
26.3051128387,1580261851.96,402,871,512,634,205,fist,
26.305341959,1580261851.96,400,871,512,640,204,fist,
26.30554986,1580261851.96,402,871,512,634,208,fist,
26.3057088852,1580261851.96,402,871,508,639,207,fist,
26.3058598042,1580261851.96,397,870,509,639,207,fist,
26.3060109615,1580261851.96,401,872,513,637,204,fist,
26.306196928,1580261851.96,400,871,510,639,206,fist,
26.3063468933,1580261851.96,401,871,508,639,207,fist,
26.306511879,1580261851.96,403,871,512,634,204,fist,
26.30666399,1580261851.96,400,870,511,640,204,fist,
26.3068649769,1580261851.96,401,869,511,639,206,fist,
26.3073117733,1580261851.96,399,872,511,639,206,fist,
26.3077328205,1580261851.96,399,869,511,639,202,fist,
26.3081638813,1580261851.96,399,870,510,637,202,fist,
26.3085608482,1580261851.96,400,869,510,638,202,fist,
26.3088757992,1580261851.96,400,870,512,638,206,fist,
26.309196949,1580261851.96,400,871,508,638,203,fist,
26.3093907833,1580261851.96,401,873,515,640,207,fist,
26.3095738888,1580261851.96,401,871,512,638,207,fist,
26.3097558022,1580261851.96,400,871,511,640,206,fist,
26.3099358082,1580261851.96,399,871,514,638,205,fist,
26.3101158142,1580261851.96,402,871,512,638,204,fist,
26.3103609085,1580261851.96,400,872,511,638,205,fist,
26.310559988,1580261851.96,399,871,511,640,204,fist,
26.3107428551,1580261851.96,401,869,512,640,204,fist,
26.3109259605,1580261851.96,399,869,512,636,206,fist,
26.3111097813,1580261851.96,400,871,511,640,205,fist,
26.3112888336,1580261851.96,399,871,508,640,204,fist,
26.3114669323,1580261851.96,399,872,509,638,203,fist,
26.3116459846,1580261851.97,401,870,516,639,204,fist,
26.3118388653,1580261851.97,400,871,511,640,205,fist,
26.312016964,1580261851.97,400,871,512,640,204,fist,
26.3121938705,1580261851.97,399,873,512,642,204,fist,
26.3123729229,1580261851.97,399,873,513,639,202,fist,
26.3125519753,1580261851.97,400,872,510,640,207,fist,
26.3127319813,1580261851.97,400,873,507,641,205,fist,
26.312915802,1580261851.97,401,870,509,641,200,fist,
26.313095808,1580261851.97,402,872,510,639,205,fist,
26.3132739067,1580261851.97,398,873,509,641,206,fist,
26.3134539127,1580261851.97,402,871,508,639,205,fist,
26.313631773,1580261851.97,397,873,506,639,204,fist,
26.313808918,1580261851.97,399,871,508,638,206,fist,
26.3139858246,1580261851.97,401,872,510,641,206,fist,
26.3141629696,1580261851.97,401,873,512,640,205,fist,
26.3143389225,1580261851.97,401,873,515,637,207,fist,
26.3145289421,1580261851.97,400,873,513,641,207,fist,
26.3147068024,1580261851.97,398,873,514,641,206,fist,
26.314884901,1580261851.97,400,874,516,641,205,fist,
26.3150629997,1580261851.97,399,872,518,639,207,fist,
26.3152418137,1580261851.97,399,874,516,639,206,fist,
26.3154189587,1580261851.97,400,872,516,641,210,fist,
26.3155977726,1580261851.97,399,871,517,641,208,fist,
26.3157749176,1580261851.97,400,873,518,637,206,fist,
26.3159618378,1580261851.97,399,874,517,639,208,fist,
26.3161628246,1580261851.97,400,872,517,638,209,fist,
26.3163449764,1580261851.97,399,871,517,639,206,fist,
26.3165428638,1580261851.97,399,872,514,638,208,fist,
26.3167259693,1580261851.97,399,871,516,636,209,fist,
26.3169019222,1580261851.97,400,872,515,640,211,fist,
26.3383908272,1580261851.99,399,872,516,641,205,fist,
26.3625998497,1580261852.02,401,872,516,639,205,fist,
26.383204937,1580261852.04,400,873,514,641,210,fist,
26.4077038765,1580261852.06,400,874,512,642,208,fist,
26.4284169674,1580261852.08,401,873,508,639,209,fist,
26.4530589581,1580261852.11,401,873,502,640,208,fist,
26.4733459949,1580261852.13,403,869,495,638,207,fist,
26.4979588985,1580261852.15,405,865,487,638,209,fist,
26.5223088264,1580261852.18,405,857,484,633,208,fist,
26.5429079533,1580261852.2,405,853,479,626,209,fist,
26.5675878525,1580261852.22,406,851,478,624,211,fist,
26.5879387856,1580261852.24,407,846,476,623,209,fist,
26.6124298573,1580261852.27,406,844,474,621,208,fist,
26.6372377872,1580261852.29,405,840,471,613,208,fist,
26.657533884,1580261852.31,406,840,472,616,209,fist,
26.6819419861,1580261852.34,407,841,473,616,210,fist,
26.7026519775,1580261852.36,407,838,472,612,210,fist,
26.7270689011,1580261852.38,404,837,470,612,210,fist,
26.751832962,1580261852.41,405,841,472,614,208,fist,
26.7724328041,1580261852.43,406,843,475,612,207,fist,
26.7966768742,1580261852.45,409,846,475,612,207,fist,
26.817303896,1580261852.47,407,856,475,608,210,fist,
26.8416848183,1580261852.5,408,861,479,610,209,fist,
26.8622198105,1580261852.52,409,866,481,612,209,fist,
26.8867340088,1580261852.54,408,869,483,613,205,fist,
26.9113168716,1580261852.56,407,871,484,609,205,fist,
26.9320299625,1580261852.59,407,871,487,605,211,fist,
26.9566428661,1580261852.61,406,869,489,606,208,fist,
26.9768218994,1580261852.63,404,870,492,603,208,fist,
27.0013298988,1580261852.65,402,869,494,597,206,fist,
27.0258488655,1580261852.68,402,871,492,596,205,fist,
27.0463328362,1580261852.7,397,871,491,593,207,fist,
27.0710668564,1580261852.72,399,869,494,581,205,fist,
27.0914797783,1580261852.74,400,868,493,585,206,fist,
27.1159439087,1580261852.77,399,870,493,586,207,fist,
27.1404688358,1580261852.79,399,873,495,584,206,fist,
27.1612098217,1580261852.81,398,873,488,581,205,fist,
27.1855099201,1580261852.84,398,870,494,585,202,fist,
27.2059319019,1580261852.86,397,870,493,577,205,fist,
27.2308478355,1580261852.88,394,873,492,581,205,fist,
27.2510778904,1580261852.9,397,875,499,590,202,fist,
27.2756478786,1580261852.93,397,873,498,601,208,fist,
27.3004748821,1580261852.95,401,867,483,604,205,fist,
27.3208677769,1580261852.97,405,863,467,603,204,fist,
27.3452157974,1580261853.0,403,856,460,605,202,fist,
27.3661658764,1580261853.02,404,851,458,606,204,fist,
27.3903889656,1580261853.04,408,845,460,608,204,fist,
27.4149158001,1580261853.07,405,843,459,608,205,fist,
27.4355118275,1580261853.09,408,842,464,607,206,fist,
27.4598758221,1580261853.11,407,838,461,607,207,fist,
27.4804749489,1580261853.13,408,839,464,608,205,fist,
27.5052030087,1580261853.16,406,838,464,608,204,fist,
27.5293068886,1580261853.18,407,837,460,606,207,fist,
27.5498478413,1580261853.2,410,838,467,609,208,fist,
27.5745649338,1580261853.23,410,838,469,607,206,fist,
27.5949819088,1580261853.25,408,837,468,606,204,fist,
27.6198678017,1580261853.27,408,836,469,604,207,fist,
27.6402418613,1580261853.29,408,838,468,604,203,fist,
27.6644909382,1580261853.32,409,838,471,603,208,fist,
27.6892960072,1580261853.34,410,839,467,604,208,fist,
27.7095868587,1580261853.36,410,838,471,604,206,fist,
27.734254837,1580261853.39,412,837,470,600,208,fist,
27.7548878193,1580261853.41,410,835,470,607,205,fist,
27.7791478634,1580261853.43,407,836,473,600,206,fist,
27.8038449287,1580261853.46,411,833,468,603,207,fist,
27.8243298531,1580261853.48,409,835,472,602,205,fist,
27.8486959934,1580261853.5,409,835,474,604,208,fist,
27.8694930077,1580261853.52,410,835,473,606,209,fist,
27.8939049244,1580261853.55,405,835,475,606,206,fist,
27.9182658195,1580261853.57,412,833,474,607,205,fist,
27.9389829636,1580261853.59,411,834,474,610,206,fist,
27.9634540081,1580261853.62,409,837,475,613,204,fist,
27.9840378761,1580261853.64,410,832,472,613,206,fist,
28.0084059238,1580261853.66,409,835,472,614,206,fist,
28.0288808346,1580261853.68,410,834,472,614,209,fist,
28.0535049438,1580261853.71,410,833,467,613,209,fist,
28.0778949261,1580261853.73,408,833,468,611,205,fist,
28.0985248089,1580261853.75,410,830,472,615,206,fist,
28.1230177879,1580261853.78,411,832,469,615,208,fist,
28.1435968876,1580261853.8,407,831,469,614,205,fist,
28.1682767868,1580261853.82,411,831,470,613,206,fist,
28.1924829483,1580261853.85,411,830,464,616,206,fist,
28.2131168842,1580261853.87,411,829,467,614,206,fist,
28.2375497818,1580261853.89,411,830,463,614,204,fist,
28.2579939365,1580261853.91,408,830,465,613,204,fist,
28.2825357914,1580261853.94,412,830,468,614,209,fist,
28.3071329594,1580261853.96,411,830,466,612,208,fist,
28.3277509212,1580261853.98,410,830,467,614,206,fist,
28.3521888256,1580261854.01,411,829,469,612,203,fist,
28.3727388382,1580261854.03,410,829,465,613,205,fist,
28.3972969055,1580261854.05,410,830,466,616,207,fist,
28.4177548885,1580261854.07,410,830,469,615,206,fist,
28.4423689842,1580261854.1,408,831,466,614,206,fist,
28.4668438435,1580261854.12,411,832,469,614,209,fist,
28.4873569012,1580261854.14,409,831,469,615,204,fist,
28.5118868351,1580261854.17,406,830,471,613,208,fist,
28.5328299999,1580261854.19,413,832,469,610,208,fist,
28.5572769642,1580261854.21,410,832,470,615,206,fist,
28.58147192,1580261854.23,409,833,471,615,209,fist,
28.6022059917,1580261854.26,412,832,473,610,206,fist,
28.6264979839,1580261854.28,409,831,475,613,203,fist,
28.6471579075,1580261854.3,411,832,473,615,208,fist,
28.6716349125,1580261854.33,410,833,474,614,207,fist,
28.6962997913,1580261854.35,408,834,476,613,207,fist,
28.7167539597,1580261854.37,410,835,473,616,206,fist,
28.7411239147,1580261854.39,409,834,473,615,205,fist,
28.7617278099,1580261854.42,410,833,474,613,207,fist,
28.7862010002,1580261854.44,407,835,469,616,202,fist,
28.8067598343,1580261854.46,410,835,477,613,206,fist,
28.8314068317,1580261854.48,411,835,476,614,207,fist,
28.8559398651,1580261854.51,411,835,476,614,207,fist,
28.8764657974,1580261854.53,409,837,475,616,205,fist,
28.900788784,1580261854.55,411,836,474,617,206,fist,
28.9217379093,1580261854.58,409,836,475,614,207,fist,
28.9458389282,1580261854.6,409,836,474,613,207,fist,
28.9705688953,1580261854.62,411,837,477,611,205,fist,
28.9909658432,1580261854.64,409,837,474,616,206,fist,
29.015431881,1580261854.67,410,838,474,614,209,fist,
29.0361559391,1580261854.69,409,838,472,614,206,fist,
29.0605089664,1580261854.71,409,837,474,614,206,fist,
29.0852129459,1580261854.74,407,839,475,611,209,fist,
29.1058409214,1580261854.76,410,840,473,613,207,fist,
29.1301879883,1580261854.78,411,839,474,615,206,fist,
29.1506009102,1580261854.8,406,841,473,614,206,fist,
29.175069809,1580261854.83,409,840,474,611,205,fist,
29.1955659389,1580261854.85,411,839,474,616,208,fist,
29.2200469971,1580261854.87,410,842,476,612,207,fist,
29.2445600033,1580261854.9,408,841,470,613,208,fist,
29.2655289173,1580261854.92,408,839,479,616,209,fist,
29.2899317741,1580261854.94,410,841,474,615,205,fist,
29.3102347851,1580261854.96,409,843,473,615,207,fist,
29.3347239494,1580261854.99,408,840,474,616,203,fist,
29.3592278957,1580261855.01,407,843,474,614,206,fist,
29.3799209595,1580261855.03,410,843,474,617,206,fist,
29.4046678543,1580261855.06,409,844,471,616,207,fist,
29.4248049259,1580261855.08,408,844,475,614,205,fist,
29.4493257999,1580261855.1,410,842,475,615,206,fist,
29.4739148617,1580261855.13,408,843,476,615,208,fist,
29.4944658279,1580261855.15,410,842,475,616,204,fist,
29.5189979076,1580261855.17,407,841,474,615,203,fist,
29.5394518375,1580261855.19,408,842,473,613,204,fist,
29.5643758774,1580261855.22,409,843,474,615,208,fist,
29.5845317841,1580261855.24,408,844,474,613,207,fist,
29.6090908051,1580261855.26,411,843,474,613,205,fist,
29.6337277889,1580261855.29,410,842,476,615,207,fist,
29.654517889,1580261855.31,408,841,473,615,205,fist,
29.6786170006,1580261855.33,411,841,474,617,205,fist,
29.6992650032,1580261855.35,408,844,474,615,202,fist,
29.7237448692,1580261855.38,407,843,475,613,207,fist,
29.7481098175,1580261855.4,409,843,476,617,209,fist,
29.7690968513,1580261855.42,408,842,475,617,209,fist,
29.793694973,1580261855.45,408,839,475,615,203,fist,
29.8137078285,1580261855.47,410,842,479,617,208,fist,
29.8386600018,1580261855.49,410,842,476,617,207,fist,
29.8628249168,1580261855.52,408,843,478,614,205,fist,
29.8833568096,1580261855.54,408,839,476,615,206,fist,
29.9078598022,1580261855.56,408,841,475,617,206,fist,
29.9285159111,1580261855.58,406,841,472,619,205,fist,
29.9530389309,1580261855.61,408,841,473,615,207,fist,
29.973626852,1580261855.63,409,841,474,616,203,fist,
29.9982869625,1580261855.65,409,842,478,618,210,fist,
30.0228149891,1580261855.68,409,840,478,616,208,fist,
30.042937994,1580261855.7,409,839,477,614,206,fist,
30.0678448677,1580261855.72,408,840,477,613,208,fist,
30.0884008408,1580261855.74,408,842,474,615,206,fist,
30.1128718853,1580261855.77,409,841,477,616,207,fist,
30.1370887756,1580261855.79,410,843,477,614,207,fist,
30.1576499939,1580261855.81,409,839,475,615,205,fist,
30.1821098328,1580261855.84,409,841,471,616,207,fist,
30.2031168938,1580261855.86,409,839,474,617,207,fist,
30.2271928787,1580261855.88,407,842,468,615,204,fist,
30.2517328262,1580261855.91,409,843,475,614,204,fist,
30.2724208832,1580261855.93,409,841,476,616,205,fist,
30.2967188358,1580261855.95,408,842,473,618,208,fist,
30.3176369667,1580261855.97,408,839,476,613,207,fist,
30.3418629169,1580261856.0,408,840,478,617,205,fist,
30.3624818325,1580261856.02,409,841,476,617,208,fist,
30.3869709969,1580261856.04,407,842,476,617,207,fist,
30.411359787,1580261856.06,409,841,475,615,205,fist,
30.4320869446,1580261856.09,408,844,474,615,206,fist,
30.4566488266,1580261856.11,407,843,476,617,206,fist,
30.476957798,1580261856.13,407,842,476,618,204,fist,
30.5018308163,1580261856.16,406,842,476,615,208,fist,
30.5259819031,1580261856.18,409,844,478,616,207,fist,
30.5465300083,1580261856.2,410,844,478,615,208,fist,
30.5710809231,1580261856.22,409,842,479,618,207,fist,
30.5914998055,1580261856.24,408,843,479,618,202,fist,
30.6160547733,1580261856.27,409,844,479,615,205,fist,
30.640625,1580261856.29,408,844,478,617,206,fist,
30.6611628532,1580261856.31,407,844,479,614,207,fist,
30.6856298447,1580261856.34,408,846,478,616,208,fist,
30.7067308426,1580261856.36,408,845,477,613,207,fist,
30.73097682,1580261856.38,409,847,478,618,208,fist,
30.7511799335,1580261856.4,409,849,478,621,208,fist,
30.7760009766,1580261856.43,409,849,478,625,204,fist,
30.8004817963,1580261856.45,409,852,482,628,209,fist,
30.821213007,1580261856.47,409,856,483,629,206,fist,
30.8452999592,1580261856.5,410,857,486,631,205,fist,
30.8658988476,1580261856.52,408,860,486,631,208,fist,
30.8905417919,1580261856.54,407,860,486,633,206,fist,
30.9148218632,1580261856.57,408,860,488,632,207,fist,
30.9354448318,1580261856.59,405,860,492,630,206,fist,
30.9599919319,1580261856.61,403,859,488,623,204,fist,
30.9804008007,1580261856.63,404,857,484,622,202,fist,
31.0051929951,1580261856.66,406,856,476,614,201,fist,
31.0296428204,1580261856.68,404,853,469,605,201,fist,
31.0500628948,1580261856.7,404,849,469,598,196,fist,
31.0745489597,1580261856.73,402,847,461,589,198,fist,
31.0952458382,1580261856.75,401,843,463,580,200,fist,
31.1195938587,1580261856.77,403,844,457,576,198,fist,
31.1401388645,1580261856.79,402,840,461,573,197,fist,
31.1649508476,1580261856.82,404,841,458,575,198,fist,
31.1893417835,1580261856.84,402,839,458,571,198,fist,
31.2096488476,1580261856.86,403,840,459,567,197,fist,
31.2345409393,1580261856.89,398,839,460,574,196,fist,
31.2548937798,1580261856.91,400,840,459,574,196,fist,
31.2793169022,1580261856.93,401,841,460,578,198,fist,
31.3040919304,1580261856.96,401,842,460,580,196,fist,
31.3243370056,1580261856.98,400,843,458,583,196,fist,
32.5604388714,1580261858.21,401,843,461,589,195,one,
32.5610728264,1580261858.21,400,845,461,589,196,one,
32.5615777969,1580261858.21,400,845,461,589,193,one,
32.5620548725,1580261858.22,401,845,465,588,194,one,
32.5625669956,1580261858.22,401,844,462,588,196,one,
32.5630409718,1580261858.22,403,845,463,589,197,one,
32.5635118484,1580261858.22,401,846,463,591,194,one,
32.5639798641,1580261858.22,401,845,461,585,198,one,
32.5644488335,1580261858.22,401,846,464,589,198,one,
32.5649168491,1580261858.22,400,845,461,591,197,one,
32.5653848648,1580261858.22,398,846,459,590,193,one,
32.5658528805,1580261858.22,401,847,465,590,196,one,
32.5663177967,1580261858.22,400,845,462,591,196,one,
32.5667979717,1580261858.22,402,844,461,592,199,one,
32.5672669411,1580261858.22,400,846,464,593,196,one,
32.5677289963,1580261858.22,400,846,465,589,198,one,
32.5681989193,1580261858.22,402,847,465,592,199,one,
32.5686678886,1580261858.22,400,846,466,593,198,one,
32.5691349506,1580261858.22,400,846,465,592,197,one,
32.5696017742,1580261858.22,401,847,467,595,197,one,
32.5700688362,1580261858.22,401,847,466,592,198,one,
32.5705518723,1580261858.22,398,846,468,595,199,one,
32.5710229874,1580261858.22,399,848,463,594,198,one,
32.571491003,1580261858.22,402,847,467,593,200,one,
32.5719649792,1580261858.23,401,849,469,596,198,one,
32.5724468231,1580261858.23,400,846,470,597,197,one,
32.5731339455,1580261858.23,400,847,471,596,193,one,
32.5739958286,1580261858.23,400,846,470,597,197,one,
32.5747079849,1580261858.23,400,849,471,596,196,one,
32.5751748085,1580261858.23,402,848,473,597,199,one,
32.5756258965,1580261858.23,400,850,469,598,198,one,
32.5760729313,1580261858.23,400,850,473,597,196,one,
32.5766317844,1580261858.23,401,850,475,600,199,one,
32.5771329403,1580261858.23,400,852,479,602,199,one,
32.577600956,1580261858.23,399,853,477,604,197,one,
32.5780799389,1580261858.23,400,855,483,607,198,one,
32.57858181,1580261858.23,400,856,484,609,197,one,
32.5791349411,1580261858.23,397,857,485,613,196,one,
32.5795969963,1580261858.23,395,859,486,613,198,one,
32.5800628662,1580261858.23,399,859,486,612,201,one,
32.5805158615,1580261858.23,401,860,487,616,200,one,
32.58096385,1580261858.23,400,861,490,616,198,one,
32.581496954,1580261858.23,399,861,490,616,198,one,
32.5820159912,1580261858.24,398,862,490,616,200,one,
32.5825209618,1580261858.24,400,860,492,615,203,one,
32.5829927921,1580261858.24,400,860,492,614,200,one,
32.5834619999,1580261858.24,398,860,492,614,199,one,
32.5839278698,1580261858.24,398,860,491,613,201,one,
32.5843958855,1580261858.24,400,861,492,616,203,one,
32.5849518776,1580261858.24,400,861,492,617,202,one,
32.5854289532,1580261858.24,399,861,493,617,201,one,
32.5859007835,1580261858.24,398,862,492,617,202,one,
32.586373806,1580261858.24,399,861,493,620,203,one,
32.5868477821,1580261858.24,399,862,494,623,201,one,
32.5871589184,1580261858.24,398,861,495,624,199,one,
32.6056249142,1580261858.26,398,863,495,625,202,one,
32.6301898956,1580261858.28,399,863,495,627,200,one,
32.6506488323,1580261858.3,399,863,496,627,202,one,
32.6753180027,1580261858.33,396,862,496,625,200,one,
32.7000207901,1580261858.35,399,862,495,627,201,one,
32.7206988335,1580261858.37,398,862,495,627,202,one,
32.7447729111,1580261858.4,398,862,494,627,202,one,
32.7655878067,1580261858.42,396,860,492,623,199,one,
32.78992486,1580261858.44,397,857,492,622,199,one,
32.8104758263,1580261858.46,397,858,490,623,200,one,
32.835051775,1580261858.49,394,857,487,618,199,one,
32.8594338894,1580261858.51,396,857,488,617,198,one,
32.8802158833,1580261858.53,397,858,488,615,200,one,
32.9045758247,1580261858.56,397,855,487,616,199,one,
32.9251167774,1580261858.58,396,856,485,615,196,one,
32.9495368004,1580261858.6,393,853,481,611,199,one,
32.9743390083,1580261858.63,395,855,483,610,200,one,
32.9946727753,1580261858.65,397,856,483,611,201,one,
33.0193538666,1580261858.67,395,854,483,612,199,one,
33.0400598049,1580261858.69,392,857,481,606,199,one,
33.064218998,1580261858.72,393,857,485,611,199,one,
33.0891149044,1580261858.74,396,855,483,612,199,one,
33.1092917919,1580261858.76,392,857,481,609,199,one,
33.1339399815,1580261858.79,395,855,480,610,200,one,
33.1542589664,1580261858.81,396,855,477,603,197,one,
33.1788048744,1580261858.83,394,856,476,598,199,one,
33.1994559765,1580261858.85,396,857,471,594,199,one,
33.2237927914,1580261858.88,398,856,470,585,195,one,
33.2484908104,1580261858.9,396,857,470,587,199,one,
33.2689208984,1580261858.92,397,858,470,585,198,one,
33.2936849594,1580261858.95,396,858,469,583,193,one,
33.3139488697,1580261858.97,398,861,472,584,198,one,
33.3388807774,1580261858.99,397,859,467,581,197,one,
33.3630208969,1580261859.02,397,858,470,581,198,one,
33.383658886,1580261859.04,399,859,470,575,198,one,
33.4080469608,1580261859.06,397,860,467,578,192,one,
33.4287648201,1580261859.08,399,861,467,579,200,one,
33.4531388283,1580261859.11,398,861,468,580,199,one,
33.4775929451,1580261859.13,398,860,467,580,197,one,
33.4981679916,1580261859.15,399,861,464,578,201,one,
33.5229659081,1580261859.18,396,861,466,579,196,one,
33.5431728363,1580261859.2,397,862,463,579,200,one,
33.5677518845,1580261859.22,400,862,467,581,194,one,
33.588616848,1580261859.24,395,861,471,581,197,one,
33.6129357815,1580261859.27,398,862,468,581,198,one,
33.637365818,1580261859.29,397,863,468,580,199,one,
33.6578907967,1580261859.31,396,862,464,579,199,one,
33.6823658943,1580261859.34,396,862,471,578,198,one,
33.703001976,1580261859.36,400,864,466,580,198,one,
33.72742486,1580261859.38,398,864,469,580,199,one,
33.7521848679,1580261859.41,396,860,471,576,198,one,
33.7725138664,1580261859.43,396,863,468,577,201,one,
33.7968809605,1580261859.45,399,862,470,582,200,one,
33.8175230026,1580261859.47,400,864,469,579,199,one,
33.8420579433,1580261859.5,397,865,469,578,198,one,
33.8665168285,1580261859.52,399,864,469,584,197,one,
33.8871278763,1580261859.54,398,865,466,582,199,one,
33.9115769863,1580261859.56,398,863,467,582,198,one,
33.9322059155,1580261859.59,398,865,465,581,201,one,
33.956859827,1580261859.61,396,864,464,581,200,one,
33.9772098064,1580261859.63,400,863,468,581,201,one,
34.0021460056,1580261859.66,397,864,467,583,198,one,
34.0262098312,1580261859.68,394,864,470,579,198,one,
34.0467188358,1580261859.7,398,864,465,582,202,one,
34.0714838505,1580261859.72,399,864,467,585,199,one,
34.091796875,1580261859.75,399,864,466,584,198,one,
34.116465807,1580261859.77,395,864,470,578,198,one,
34.1408410072,1580261859.79,399,865,465,581,197,one,
34.1613879204,1580261859.81,397,864,466,583,199,one,
34.1858198643,1580261859.84,400,863,467,581,199,one,
34.2066409588,1580261859.86,394,864,468,577,198,one,
34.2309877872,1580261859.88,397,863,469,582,199,one,
34.2555038929,1580261859.91,398,864,464,583,200,one,
34.2761487961,1580261859.93,398,860,467,580,198,one,
34.3007509708,1580261859.95,399,863,468,583,196,one,
34.3213179111,1580261859.97,398,864,466,582,197,one,
34.3455328941,1580261860.0,400,864,467,585,199,one,
34.3661057949,1580261860.02,401,865,470,584,199,one,
34.3906798363,1580261860.04,398,864,465,582,197,one,
34.4151828289,1580261860.07,399,866,470,584,201,one,
34.4358048439,1580261860.09,397,864,467,584,199,one,
34.4602649212,1580261860.11,399,864,470,583,201,one,
34.480670929,1580261860.13,398,865,467,580,202,one,
34.5056238174,1580261860.16,397,864,466,584,198,one,
34.5298528671,1580261860.18,398,865,467,586,199,one,
34.5502917767,1580261860.2,394,864,469,583,199,one,
34.5748147964,1580261860.23,397,864,463,587,199,one,
34.5953757763,1580261860.25,400,865,468,586,200,one,
34.6198778152,1580261860.27,399,863,468,587,200,one,
34.6444029808,1580261860.3,395,864,472,580,199,one,
34.665116787,1580261860.32,400,865,470,586,197,one,
34.689565897,1580261860.34,398,862,468,586,199,one,
34.7100508213,1580261860.36,398,862,469,588,199,one,
34.7349178791,1580261860.39,399,865,470,586,199,one,
34.755081892,1580261860.41,397,864,469,585,199,one,
34.7794809341,1580261860.43,400,865,468,585,199,one,
34.8042709827,1580261860.46,398,864,468,590,200,one,
34.8245987892,1580261860.48,398,863,466,585,200,one,
34.8491489887,1580261860.5,400,864,467,587,198,one,
34.870018959,1580261860.52,397,863,467,586,199,one,
34.8941309452,1580261860.55,399,865,468,588,200,one,
34.9187569618,1580261860.57,399,866,467,588,202,one,
34.939319849,1580261860.59,397,863,471,589,200,one,
34.9637157917,1580261860.62,398,863,470,587,199,one,
34.9842438698,1580261860.64,397,864,470,589,201,one,
35.0087249279,1580261860.66,397,866,471,587,199,one,
35.0334727764,1580261860.69,401,865,471,588,196,one,
35.0542788506,1580261860.71,398,865,469,588,199,one,
35.0783319473,1580261860.73,401,865,471,589,201,one,
35.0991289616,1580261860.75,396,866,466,588,200,one,
35.1235058308,1580261860.78,397,861,470,587,199,one,
35.1440219879,1580261860.8,399,864,471,588,200,one,
35.1686758995,1580261860.82,398,866,470,590,200,one,
35.1928589344,1580261860.85,397,863,470,589,199,one,
35.2134809494,1580261860.87,399,865,472,586,200,one,
35.2378540039,1580261860.89,397,865,470,589,200,one,
35.2585427761,1580261860.91,398,866,471,590,202,one,
35.2831058502,1580261860.94,398,866,469,590,196,one,
35.3076188564,1580261860.96,397,864,471,587,201,one,
35.3281638622,1580261860.98,399,865,472,590,203,one,
35.3527798653,1580261861.01,398,865,470,590,201,one,
35.3733258247,1580261861.03,393,865,471,590,203,one,
35.3977599144,1580261861.05,397,864,470,592,198,one,
35.4226379395,1580261861.08,396,864,470,591,202,one,
35.4427559376,1580261861.1,396,865,472,592,202,one,
35.4674789906,1580261861.12,394,866,472,592,203,one,
35.4880828857,1580261861.14,397,866,472,594,201,one,
35.5126049519,1580261861.17,398,865,473,593,201,one,
35.5333178043,1580261861.19,397,866,472,594,201,one,
35.557477951,1580261861.21,393,866,468,592,199,one,
35.5819549561,1580261861.24,396,864,472,592,198,one,
35.6026837826,1580261861.26,397,866,470,594,201,one,
35.6270508766,1580261861.28,398,863,473,596,201,one,
35.6474859715,1580261861.3,398,865,476,595,202,one,
35.6720597744,1580261861.33,398,864,473,596,203,one,
35.6965839863,1580261861.35,398,865,474,596,202,one,
35.7174057961,1580261861.37,397,864,474,595,201,one,
35.7416629791,1580261861.4,399,866,477,594,201,one,
35.7622449398,1580261861.42,397,863,475,596,203,one,
35.7869298458,1580261861.44,397,864,474,594,203,one,
35.8111720085,1580261861.46,398,864,473,594,200,one,
35.8318099976,1580261861.49,397,864,476,593,201,one,
35.8563308716,1580261861.51,396,862,473,593,202,one,
35.8768379688,1580261861.53,399,863,474,594,204,one,
35.9016878605,1580261861.56,399,864,474,593,202,one,
35.9219989777,1580261861.58,397,864,476,590,200,one,
35.9463458061,1580261861.6,396,862,475,594,202,one,
35.9709467888,1580261861.62,398,864,471,593,203,one,
35.9915058613,1580261861.64,396,865,473,592,201,one,
36.0158839226,1580261861.67,394,864,475,589,200,one,
36.0367097855,1580261861.69,397,864,472,592,201,one,
36.0609338284,1580261861.71,399,864,473,594,203,one,
36.0855917931,1580261861.74,397,864,475,591,202,one,
36.1065340042,1580261861.76,394,864,469,591,203,one,
36.1305918694,1580261861.78,394,861,473,594,203,one,
36.1512658596,1580261861.8,397,864,471,593,201,one,
36.1755018234,1580261861.83,394,865,475,594,201,one,
36.2003779411,1580261861.85,393,865,470,595,204,one,
36.2209768295,1580261861.87,396,865,475,597,202,one,
36.2452309132,1580261861.9,396,864,477,602,204,one,
36.2661409378,1580261861.92,397,865,474,605,204,one,
36.2902019024,1580261861.94,396,864,481,604,200,one,
36.3107500076,1580261861.96,397,866,478,613,203,one,
36.3352868557,1580261861.99,397,864,482,615,203,one,
36.3597579002,1580261862.01,396,865,479,619,203,one,
36.3803219795,1580261862.03,396,862,489,615,203,one,
36.4050219059,1580261862.06,395,864,487,621,200,one,
36.4253687859,1580261862.08,396,864,488,624,204,one,
36.4501309395,1580261862.1,396,865,488,627,203,one,
36.4744839668,1580261862.13,391,865,489,626,200,one,
36.4951639175,1580261862.15,395,862,496,629,205,one,
36.5197069645,1580261862.17,396,865,494,629,204,one,
36.5400059223,1580261862.19,392,864,495,631,199,one,
36.5647888184,1580261862.22,395,863,499,625,202,one,
36.5890789032,1580261862.24,396,864,494,630,201,one,
36.6096379757,1580261862.26,395,866,494,632,202,one,
36.6344809532,1580261862.29,396,866,499,630,202,one,
36.655012846,1580261862.31,394,864,497,630,201,one,
36.679063797,1580261862.33,395,865,496,633,203,one,
36.6997339725,1580261862.35,395,863,498,631,203,one,
36.7242248058,1580261862.38,396,866,500,632,203,one,
36.7488098145,1580261862.4,395,864,501,633,202,one,
36.769712925,1580261862.42,396,865,498,634,201,one,
36.7937538624,1580261862.45,394,865,499,634,202,one,
36.8145868778,1580261862.47,391,864,499,633,204,one,
36.838850975,1580261862.49,392,865,498,630,202,one,
36.8634889126,1580261862.52,395,864,500,635,203,one,
36.8839459419,1580261862.54,396,865,500,634,200,one,
36.908441782,1580261862.56,394,864,499,634,202,one,
36.9291667938,1580261862.58,396,865,498,635,204,one,
36.9536218643,1580261862.61,394,865,499,635,203,one,
36.978058815,1580261862.63,392,865,502,633,203,one,
36.9985568523,1580261862.65,396,866,501,629,201,one,
37.0230469704,1580261862.68,392,867,498,632,202,one,
37.0436809063,1580261862.7,395,866,499,633,204,one,
37.0682718754,1580261862.72,396,865,499,633,202,one,
37.0889070034,1580261862.74,393,865,497,631,201,one,
37.1132419109,1580261862.77,394,865,499,631,200,one,
37.1380758286,1580261862.79,395,865,496,632,201,one,
37.158192873,1580261862.81,394,864,499,632,202,one,
37.1826338768,1580261862.84,395,864,500,633,198,one,
37.2031729221,1580261862.86,394,865,495,628,200,one,
37.2278459072,1580261862.88,395,865,500,632,204,one,
37.25223279,1580261862.91,395,865,499,633,201,one,
37.2728798389,1580261862.93,393,866,495,630,201,one,
37.2974998951,1580261862.95,397,864,499,631,201,one,
37.3177649975,1580261862.97,395,865,498,631,203,one,
37.3423709869,1580261863.0,394,865,498,632,199,one,
37.3669278622,1580261863.02,391,864,500,631,203,one,
37.3876388073,1580261863.04,393,865,494,627,198,one,
37.4118859768,1580261863.07,394,865,500,631,203,one,
37.4328279495,1580261863.09,393,865,499,631,201,one,
37.457062006,1580261863.11,393,864,499,631,198,one,
37.4776008129,1580261863.13,396,865,501,631,200,one,
37.5024588108,1580261863.16,394,865,498,631,202,one,
37.5265758038,1580261863.18,395,863,499,631,203,one,
37.5472660065,1580261863.2,394,866,495,630,203,one,
37.5716748238,1580261863.23,393,865,498,630,199,one,
